0 0.23788546255506607 0.6265060240963856 0.1894273127753304 0.6265060240963856 0.1894273127753304 0.6746987951807228 0.23788546255506607 0.6746987951807228 0.23788546255506607 0.6265060240963856
0 0.4052863436123348 0.8373493975903614 0.3568281938325991 0.8373493975903614 0.3568281938325991 0.9096385542168675 0.4052863436123348 0.9096385542168675 0.4052863436123348 0.8373493975903614
0 0.34801762114537443 0.7590361445783133 0.29955947136563876 0.7590361445783133 0.29955947136563876 0.8313253012048193 0.34801762114537443 0.8313253012048193 0.34801762114537443 0.7590361445783133
0 0.6387665198237885 0.7650602409638554 0.5814977973568282 0.7650602409638554 0.5814977973568282 0.8373493975903614 0.6387665198237885 0.8373493975903614 0.6387665198237885 0.7650602409638554
0 0.5814977973568282 0.4397590361445783 0.5242290748898678 0.4397590361445783 0.5242290748898678 0.5 0.5814977973568282 0.5 0.5814977973568282 0.4397590361445783
0 0.9823788546255506 0.18674698795180722 0.9383259911894273 0.18674698795180722 0.9383259911894273 0.25903614457831325 0.9823788546255506 0.25903614457831325 0.9823788546255506 0.18674698795180722
0 0.3568281938325991 0.6867469879518072 0.29955947136563876 0.6867469879518072 0.29955947136563876 0.7469879518072289 0.3568281938325991 0.7469879518072289 0.3568281938325991 0.6867469879518072
0 0.8061674008810573 0.6867469879518072 0.748898678414097 0.6867469879518072 0.748898678414097 0.7469879518072289 0.8061674008810573 0.7469879518072289 0.8061674008810573 0.6867469879518072
0 0.18061674008810572 0.7891566265060241 0.13215859030837004 0.7891566265060241 0.13215859030837004 0.8493975903614458 0.18061674008810572 0.8493975903614458 0.18061674008810572 0.7891566265060241
0 0.6828193832599119 0.20481927710843373 0.6387665198237885 0.20481927710843373 0.6387665198237885 0.25903614457831325 0.6828193832599119 0.25903614457831325 0.6828193832599119 0.20481927710843373
0 0.6387665198237885 0.42771084337349397 0.5814977973568282 0.42771084337349397 0.5814977973568282 0.5 0.6387665198237885 0.5 0.6387665198237885 0.42771084337349397
0 0.5066079295154186 0 0.46255506607929514 0 0.46255506607929514 0.05421686746987952 0.5066079295154186 0.05421686746987952 0.5066079295154186 0
0 0.4052863436123348 0.3614457831325301 0.3568281938325991 0.3614457831325301 0.3568281938325991 0.42771084337349397 0.4052863436123348 0.42771084337349397 0.4052863436123348 0.3614457831325301
0 0.5726872246696035 0.06626506024096386 0.5242290748898678 0.06626506024096386 0.5242290748898678 0.12650602409638553 0.5726872246696035 0.12650602409638553 0.5726872246696035 0.06626506024096386
0 0.7400881057268722 0.3614457831325301 0.6960352422907489 0.3614457831325301 0.6960352422907489 0.42771084337349397 0.7400881057268722 0.42771084337349397 0.7400881057268722 0.3614457831325301
0 0.5726872246696035 0.20481927710843373 0.5242290748898678 0.20481927710843373 0.5242290748898678 0.25903614457831325 0.5726872246696035 0.25903614457831325 0.5726872246696035 0.20481927710843373
0 0.8061674008810573 0.6144578313253012 0.748898678414097 0.6144578313253012 0.748898678414097 0.6867469879518072 0.8061674008810573 0.6867469879518072 0.8061674008810573 0.6144578313253012
0 0.22466960352422907 0.5542168674698795 0.18061674008810572 0.5542168674698795 0.18061674008810572 0.6144578313253012 0.22466960352422907 0.6144578313253012 0.22466960352422907 0.5542168674698795
0 0.4052863436123348 0.4397590361445783 0.3656387665198238 0.4397590361445783 0.3656387665198238 0.5 0.4052863436123348 0.5 0.4052863436123348 0.4397590361445783
0 0.9383259911894273 0.5240963855421686 0.8810572687224669 0.5240963855421686 0.8810572687224669 0.5963855421686747 0.9383259911894273 0.5963855421686747 0.9383259911894273 0.5240963855421686
0 0.3568281938325991 0.6144578313253012 0.29955947136563876 0.6144578313253012 0.29955947136563876 0.6867469879518072 0.3568281938325991 0.6867469879518072 0.3568281938325991 0.6144578313253012
0 0.9823788546255506 0.6024096385542169 0.9295154185022027 0.6024096385542169 0.9295154185022027 0.6626506024096386 0.9823788546255506 0.6626506024096386 0.9823788546255506 0.6024096385542169
0 0.4581497797356828 0.8493975903614458 0.4052863436123348 0.8493975903614458 0.4052863436123348 0.9096385542168675 0.4581497797356828 0.9096385542168675 0.4581497797356828 0.8493975903614458
0 0.46255506607929514 0.6867469879518072 0.41409691629955947 0.6867469879518072 0.41409691629955947 0.7469879518072289 0.46255506607929514 0.7469879518072289 0.46255506607929514 0.6867469879518072
0 0.2290748898678414 0.6867469879518072 0.1894273127753304 0.6867469879518072 0.1894273127753304 0.7590361445783133 0.2290748898678414 0.7590361445783133 0.2290748898678414 0.6867469879518072
0 0.6387665198237885 0.27710843373493976 0.5903083700440529 0.27710843373493976 0.5903083700440529 0.3373493975903614 0.6387665198237885 0.3373493975903614 0.6387665198237885 0.27710843373493976
0 0.2907488986784141 0.6265060240963856 0.24669603524229075 0.6265060240963856 0.24669603524229075 0.6867469879518072 0.2907488986784141 0.6867469879518072 0.2907488986784141 0.6265060240963856
0 0.28193832599118945 0.27710843373493976 0.2290748898678414 0.27710843373493976 0.2290748898678414 0.3373493975903614 0.28193832599118945 0.3373493975903614 0.28193832599118945 0.27710843373493976
0 0.5242290748898678 0.06626506024096386 0.46255506607929514 0.06626506024096386 0.46255506607929514 0.12650602409638553 0.5242290748898678 0.12650602409638553 0.5242290748898678 0.06626506024096386
0 0.6387665198237885 0.3493975903614458 0.5903083700440529 0.3493975903614458 0.5903083700440529 0.42168674698795183 0.6387665198237885 0.42168674698795183 0.6387665198237885 0.3493975903614458
0 0.7400881057268722 0.12650602409638553 0.6828193832599119 0.12650602409638553 0.6828193832599119 0.18674698795180722 0.7400881057268722 0.18674698795180722 0.7400881057268722 0.12650602409638553
0 0.4052863436123348 0.6746987951807228 0.3656387665198238 0.6746987951807228 0.3656387665198238 0.7469879518072289 0.4052863436123348 0.7469879518072289 0.4052863436123348 0.6746987951807228
0 0.5726872246696035 0.13253012048192772 0.5242290748898678 0.13253012048192772 0.5242290748898678 0.19879518072289157 0.5726872246696035 0.19879518072289157 0.5726872246696035 0.13253012048192772
0 0.7973568281938326 0 0.7400881057268722 0 0.7400881057268722 0.04216867469879518 0.7973568281938326 0.04216867469879518 0.7973568281938326 0
0 0.8722466960352423 0.4397590361445783 0.8149779735682819 0.4397590361445783 0.8149779735682819 0.5 0.8722466960352423 0.5 0.8722466960352423 0.4397590361445783
0 0.5814977973568282 0.27710843373493976 0.5330396475770925 0.27710843373493976 0.5330396475770925 0.3373493975903614 0.5814977973568282 0.3373493975903614 0.5814977973568282 0.27710843373493976
0 0.4052863436123348 0.5120481927710844 0.3656387665198238 0.5120481927710844 0.3656387665198238 0.5843373493975904 0.4052863436123348 0.5843373493975904 0.4052863436123348 0.5120481927710844
0 0.5814977973568282 0.8373493975903614 0.5242290748898678 0.8373493975903614 0.5242290748898678 0.9096385542168675 0.5814977973568282 0.9096385542168675 0.5814977973568282 0.8373493975903614
0 0.6916299559471366 0.3493975903614458 0.6475770925110133 0.3493975903614458 0.6475770925110133 0.42168674698795183 0.6916299559471366 0.42168674698795183 0.6916299559471366 0.3493975903614458
0 0.8634361233480177 0.2469879518072289 0.8149779735682819 0.2469879518072289 0.8149779735682819 0.3192771084337349 0.8634361233480177 0.3192771084337349 0.8634361233480177 0.2469879518072289
0 0.9823788546255506 0.1144578313253012 0.9295154185022027 0.1144578313253012 0.9295154185022027 0.18674698795180722 0.9823788546255506 0.18674698795180722 0.9823788546255506 0.1144578313253012
0 0.7400881057268722 0.4397590361445783 0.6960352422907489 0.4397590361445783 0.6960352422907489 0.5120481927710844 0.7400881057268722 0.5120481927710844 0.7400881057268722 0.4397590361445783
0 0.6916299559471366 0.4397590361445783 0.6387665198237885 0.4397590361445783 0.6387665198237885 0.5 0.6916299559471366 0.5 0.6916299559471366 0.4397590361445783
0 0.6828193832599119 0.12650602409638553 0.6387665198237885 0.12650602409638553 0.6387665198237885 0.18674698795180722 0.6828193832599119 0.18674698795180722 0.6828193832599119 0.12650602409638553
0 0.18061674008810572 0.6987951807228916 0.12334801762114538 0.6987951807228916 0.12334801762114538 0.7650602409638554 0.18061674008810572 0.7650602409638554 0.18061674008810572 0.6987951807228916
0 0.3964757709251101 0.12650602409638553 0.34801762114537443 0.12650602409638553 0.34801762114537443 0.18674698795180722 0.3964757709251101 0.18674698795180722 0.3964757709251101 0.12650602409638553
0 0.8634361233480177 0.6746987951807228 0.8061674008810573 0.6746987951807228 0.8061674008810573 0.7469879518072289 0.8634361233480177 0.7469879518072289 0.8634361233480177 0.6746987951807228
0 0.7400881057268722 0.26506024096385544 0.6916299559471366 0.26506024096385544 0.6916299559471366 0.3373493975903614 0.7400881057268722 0.3373493975903614 0.7400881057268722 0.26506024096385544
0 0.5726872246696035 0.5843373493975904 0.5242290748898678 0.5843373493975904 0.5242290748898678 0.6445783132530121 0.5726872246696035 0.6445783132530121 0.5726872246696035 0.5843373493975904
0 0.6916299559471366 0.7771084337349398 0.6475770925110133 0.7771084337349398 0.6475770925110133 0.8373493975903614 0.6916299559471366 0.8373493975903614 0.6916299559471366 0.7771084337349398
0 0.23788546255506607 0.7771084337349398 0.1894273127753304 0.7771084337349398 0.1894273127753304 0.8493975903614458 0.23788546255506607 0.8493975903614458 0.23788546255506607 0.7771084337349398
0 0.6828193832599119 0.27710843373493976 0.6387665198237885 0.27710843373493976 0.6387665198237885 0.3373493975903614 0.6828193832599119 0.3373493975903614 0.6828193832599119 0.27710843373493976
0 0.7400881057268722 0.20481927710843373 0.6916299559471366 0.20481927710843373 0.6916299559471366 0.25903614457831325 0.7400881057268722 0.25903614457831325 0.7400881057268722 0.20481927710843373
0 0.28193832599118945 0.20481927710843373 0.22466960352422907 0.20481927710843373 0.22466960352422907 0.26506024096385544 0.28193832599118945 0.26506024096385544 0.28193832599118945 0.20481927710843373
0 0.6916299559471366 0.6024096385542169 0.6387665198237885 0.6024096385542169 0.6387665198237885 0.6746987951807228 0.6916299559471366 0.6746987951807228 0.6916299559471366 0.6024096385542169
0 0.9295154185022027 0.18674698795180722 0.8810572687224669 0.18674698795180722 0.8810572687224669 0.23493975903614459 0.9295154185022027 0.23493975903614459 0.9295154185022027 0.18674698795180722
0 0.748898678414097 0.6867469879518072 0.6960352422907489 0.6867469879518072 0.6960352422907489 0.7590361445783133 0.748898678414097 0.7590361445783133 0.748898678414097 0.6867469879518072
0 0.973568281938326 0.927710843373494 0.9295154185022027 0.927710843373494 0.9295154185022027 0.9939759036144579 0.973568281938326 0.9939759036144579 0.973568281938326 0.927710843373494
0 0.5726872246696035 0.5120481927710844 0.5242290748898678 0.5120481927710844 0.5242290748898678 0.5843373493975904 0.5726872246696035 0.5843373493975904 0.5726872246696035 0.5120481927710844
0 0.973568281938326 0.8674698795180723 0.9295154185022027 0.8674698795180723 0.9295154185022027 0.927710843373494 0.973568281938326 0.927710843373494 0.973568281938326 0.8674698795180723
0 0.7400881057268722 0.6024096385542169 0.6960352422907489 0.6024096385542169 0.6960352422907489 0.6746987951807228 0.7400881057268722 0.6746987951807228 0.7400881057268722 0.6024096385542169
0 0.6916299559471366 0.5120481927710844 0.6299559471365639 0.5120481927710844 0.6299559471365639 0.5843373493975904 0.6916299559471366 0.5843373493975904 0.6916299559471366 0.5120481927710844
0 0.6299559471365639 0.5120481927710844 0.5814977973568282 0.5120481927710844 0.5814977973568282 0.572289156626506 0.6299559471365639 0.572289156626506 0.6299559471365639 0.5120481927710844
0 0.46255506607929514 0.9216867469879518 0.41409691629955947 0.9216867469879518 0.41409691629955947 0.9939759036144579 0.46255506607929514 0.9939759036144579 0.46255506607929514 0.9216867469879518
0 0.46255506607929514 0.3614457831325301 0.41409691629955947 0.3614457831325301 0.41409691629955947 0.42168674698795183 0.46255506607929514 0.42168674698795183 0.46255506607929514 0.3614457831325301
0 0.5242290748898678 0.8493975903614458 0.46255506607929514 0.8493975903614458 0.46255506607929514 0.9096385542168675 0.5242290748898678 0.9096385542168675 0.5242290748898678 0.8493975903614458
0 0.29955947136563876 0.7650602409638554 0.24669603524229075 0.7650602409638554 0.24669603524229075 0.8313253012048193 0.29955947136563876 0.8313253012048193 0.29955947136563876 0.7650602409638554
0 0.9295154185022027 0.6024096385542169 0.8810572687224669 0.6024096385542169 0.8810572687224669 0.6746987951807228 0.9295154185022027 0.6746987951807228 0.9295154185022027 0.6024096385542169
0 0.18061674008810572 0.9216867469879518 0.13215859030837004 0.9216867469879518 0.13215859030837004 0.9939759036144579 0.18061674008810572 0.9939759036144579 0.18061674008810572 0.9216867469879518
0 0.8061674008810573 0.5120481927710844 0.748898678414097 0.5120481927710844 0.748898678414097 0.5843373493975904 0.8061674008810573 0.5843373493975904 0.8061674008810573 0.5120481927710844
0 0.23788546255506607 0.8493975903614458 0.1894273127753304 0.8493975903614458 0.1894273127753304 0.9216867469879518 0.23788546255506607 0.9216867469879518 0.23788546255506607 0.8493975903614458
0 0.29955947136563876 0.5421686746987951 0.24669603524229075 0.5421686746987951 0.24669603524229075 0.6144578313253012 0.29955947136563876 0.6144578313253012 0.29955947136563876 0.5421686746987951
0 0.6299559471365639 0.6867469879518072 0.5726872246696035 0.6867469879518072 0.5726872246696035 0.7590361445783133 0.6299559471365639 0.7590361445783133 0.6299559471365639 0.6867469879518072
0 0.29955947136563876 0.8373493975903614 0.24669603524229075 0.8373493975903614 0.24669603524229075 0.9096385542168675 0.29955947136563876 0.9096385542168675 0.29955947136563876 0.8373493975903614
0 0.3303964757709251 0 0.28193832599118945 0 0.28193832599118945 0.04216867469879518 0.3303964757709251 0.04216867469879518 0.3303964757709251 0
0 0.18061674008810572 0.6265060240963856 0.12334801762114538 0.6265060240963856 0.12334801762114538 0.6867469879518072 0.18061674008810572 0.6867469879518072 0.18061674008810572 0.6265060240963856
0 0.6211453744493393 0.06626506024096386 0.5726872246696035 0.06626506024096386 0.5726872246696035 0.12650602409638553 0.6211453744493393 0.12650602409638553 0.6211453744493393 0.06626506024096386
0 0.4581497797356828 0.5240963855421686 0.41409691629955947 0.5240963855421686 0.41409691629955947 0.5843373493975904 0.4581497797356828 0.5843373493975904 0.4581497797356828 0.5240963855421686
0 0.748898678414097 0.8493975903614458 0.6960352422907489 0.8493975903614458 0.6960352422907489 0.9096385542168675 0.748898678414097 0.9096385542168675 0.748898678414097 0.8493975903614458
0 0.22466960352422907 0.3674698795180723 0.17180616740088106 0.3674698795180723 0.17180616740088106 0.42771084337349397 0.22466960352422907 0.42771084337349397 0.22466960352422907 0.3674698795180723
0 0.34801762114537443 0.27710843373493976 0.29955947136563876 0.27710843373493976 0.29955947136563876 0.3373493975903614 0.34801762114537443 0.3373493975903614 0.34801762114537443 0.27710843373493976
0 0.5814977973568282 0.3493975903614458 0.5242290748898678 0.3493975903614458 0.5242290748898678 0.42168674698795183 0.5814977973568282 0.42168674698795183 0.5814977973568282 0.3493975903614458
0 0.8546255506607929 0.6144578313253012 0.8149779735682819 0.6144578313253012 0.8149779735682819 0.6746987951807228 0.8546255506607929 0.6746987951807228 0.8546255506607929 0.6144578313253012
0 0.4052863436123348 0.7590361445783133 0.3568281938325991 0.7590361445783133 0.3568281938325991 0.8373493975903614 0.4052863436123348 0.8373493975903614 0.4052863436123348 0.7590361445783133
0 0.5242290748898678 0.4397590361445783 0.4713656387665198 0.4397590361445783 0.4713656387665198 0.5 0.5242290748898678 0.5 0.5242290748898678 0.4397590361445783
0 0.6299559471365639 0.20481927710843373 0.5814977973568282 0.20481927710843373 0.5814977973568282 0.25903614457831325 0.6299559471365639 0.25903614457831325 0.6299559471365639 0.20481927710843373
0 0.9295154185022027 0.4397590361445783 0.8722466960352423 0.4397590361445783 0.8722466960352423 0.5 0.9295154185022027 0.5 0.9295154185022027 0.4397590361445783
0 0.5154185022026432 0.12650602409638553 0.46255506607929514 0.12650602409638553 0.46255506607929514 0.18674698795180722 0.5154185022026432 0.18674698795180722 0.5154185022026432 0.12650602409638553
0 0.6916299559471366 0.6987951807228916 0.6387665198237885 0.6987951807228916 0.6387665198237885 0.7590361445783133 0.6916299559471366 0.7590361445783133 0.6916299559471366 0.6987951807228916
0 0.2290748898678414 0.9216867469879518 0.1894273127753304 0.9216867469879518 0.1894273127753304 0.9939759036144579 0.2290748898678414 0.9939759036144579 0.2290748898678414 0.9216867469879518
0 0.46255506607929514 0.7590361445783133 0.41409691629955947 0.7590361445783133 0.41409691629955947 0.8373493975903614 0.46255506607929514 0.8373493975903614 0.46255506607929514 0.7590361445783133
0 0.2290748898678414 0.4819277108433735 0.17180616740088106 0.4819277108433735 0.17180616740088106 0.5421686746987951 0.2290748898678414 0.5421686746987951 0.2290748898678414 0.4819277108433735
0 0.7400881057268722 0.7650602409638554 0.6960352422907489 0.7650602409638554 0.6960352422907489 0.8373493975903614 0.7400881057268722 0.8373493975903614 0.7400881057268722 0.7650602409638554
0 0.4581497797356828 0 0.3964757709251101 0 0.3964757709251101 0.04216867469879518 0.4581497797356828 0.04216867469879518 0.4581497797356828 0
0 0.34801762114537443 0.8373493975903614 0.31277533039647576 0.8373493975903614 0.31277533039647576 0.9096385542168675 0.34801762114537443 0.9096385542168675 0.34801762114537443 0.8373493975903614
0 0.27312775330396477 0 0.22466960352422907 0 0.22466960352422907 0.05421686746987952 0.27312775330396477 0.05421686746987952 0.27312775330396477 0
0 0.8722466960352423 0.3373493975903614 0.8149779735682819 0.3373493975903614 0.8149779735682819 0.42168674698795183 0.8722466960352423 0.42168674698795183 0.8722466960352423 0.3373493975903614
0 0.34801762114537443 0.20481927710843373 0.2907488986784141 0.20481927710843373 0.2907488986784141 0.26506024096385544 0.34801762114537443 0.26506024096385544 0.34801762114537443 0.20481927710843373
0 0.9162995594713657 0.04216867469879518 0.8634361233480177 0.04216867469879518 0.8634361233480177 0.10240963855421686 0.9162995594713657 0.10240963855421686 0.9162995594713657 0.04216867469879518
0 0.5154185022026432 0.7590361445783133 0.4713656387665198 0.7590361445783133 0.4713656387665198 0.8192771084337349 0.5154185022026432 0.8192771084337349 0.5154185022026432 0.7590361445783133
0 0.4052863436123348 0.9216867469879518 0.3656387665198238 0.9216867469879518 0.3656387665198238 0.9939759036144579 0.4052863436123348 0.9939759036144579 0.4052863436123348 0.9216867469879518
0 0.4052863436123348 0.6024096385542169 0.3656387665198238 0.6024096385542169 0.3656387665198238 0.6746987951807228 0.4052863436123348 0.6746987951807228 0.4052863436123348 0.6024096385542169
0 0.9911894273127754 0.4397590361445783 0.9295154185022027 0.4397590361445783 0.9295154185022027 0.5120481927710844 0.9911894273127754 0.5120481927710844 0.9911894273127754 0.4397590361445783
0 0.8546255506607929 0.05421686746987952 0.8061674008810573 0.05421686746987952 0.8061674008810573 0.10240963855421686 0.8546255506607929 0.10240963855421686 0.8546255506607929 0.05421686746987952
0 0.9823788546255506 0.5240963855421686 0.9383259911894273 0.5240963855421686 0.9383259911894273 0.5963855421686747 0.9823788546255506 0.5963855421686747 0.9823788546255506 0.5240963855421686
0 0.7973568281938326 0.05421686746987952 0.7400881057268722 0.05421686746987952 0.7400881057268722 0.1144578313253012 0.7973568281938326 0.1144578313253012 0.7973568281938326 0.05421686746987952
0 0.8061674008810573 0.3674698795180723 0.748898678414097 0.3674698795180723 0.748898678414097 0.42771084337349397 0.8061674008810573 0.42771084337349397 0.8061674008810573 0.3674698795180723
0 0.8061674008810573 0.4397590361445783 0.748898678414097 0.4397590361445783 0.748898678414097 0.5120481927710844 0.8061674008810573 0.5120481927710844 0.8061674008810573 0.4397590361445783
0 0.8546255506607929 0.1746987951807229 0.8061674008810573 0.1746987951807229 0.8061674008810573 0.23493975903614459 0.8546255506607929 0.23493975903614459 0.8546255506607929 0.1746987951807229
0 0.9823788546255506 0.7891566265060241 0.9295154185022027 0.7891566265060241 0.9295154185022027 0.8493975903614458 0.9823788546255506 0.8493975903614458 0.9823788546255506 0.7891566265060241
0 0.5242290748898678 0.5120481927710844 0.46255506607929514 0.5120481927710844 0.46255506607929514 0.5843373493975904 0.5242290748898678 0.5843373493975904 0.5242290748898678 0.5120481927710844
0 0.5154185022026432 0.9216867469879518 0.46255506607929514 0.9216867469879518 0.46255506607929514 0.9939759036144579 0.5154185022026432 0.9939759036144579 0.5154185022026432 0.9216867469879518
0 0.8634361233480177 0 0.7973568281938326 0 0.7973568281938326 0.05421686746987952 0.8634361233480177 0.05421686746987952 0.8634361233480177 0
0 0.6299559471365639 0.12650602409638553 0.5726872246696035 0.12650602409638553 0.5726872246696035 0.19879518072289157 0.6299559471365639 0.19879518072289157 0.6299559471365639 0.12650602409638553
0 0.4581497797356828 0.6024096385542169 0.41409691629955947 0.6024096385542169 0.41409691629955947 0.6626506024096386 0.4581497797356828 0.6626506024096386 0.4581497797356828 0.6024096385542169
0 0.46255506607929514 0.4397590361445783 0.41409691629955947 0.4397590361445783 0.41409691629955947 0.5 0.46255506607929514 0.5 0.46255506607929514 0.4397590361445783
0 0.920704845814978 0.7891566265060241 0.8722466960352423 0.7891566265060241 0.8722466960352423 0.8493975903614458 0.920704845814978 0.8493975903614458 0.920704845814978 0.7891566265060241
0 0.29955947136563876 0.6867469879518072 0.23788546255506607 0.6867469879518072 0.23788546255506607 0.7590361445783133 0.29955947136563876 0.7590361445783133 0.29955947136563876 0.6867469879518072
0 0.3964757709251101 0 0.3392070484581498 0 0.3392070484581498 0.04216867469879518 0.3964757709251101 0.04216867469879518 0.3964757709251101 0
0 0.5154185022026432 0.3674698795180723 0.4713656387665198 0.3674698795180723 0.4713656387665198 0.42771084337349397 0.5154185022026432 0.42771084337349397 0.5154185022026432 0.3674698795180723
0 0.46255506607929514 0.12650602409638553 0.4052863436123348 0.12650602409638553 0.4052863436123348 0.18674698795180722 0.46255506607929514 0.18674698795180722 0.46255506607929514 0.12650602409638553
0 0.16299559471365638 0 0.10572687224669604 0 0.10572687224669604 0.04216867469879518 0.16299559471365638 0.04216867469879518 0.16299559471365638 0
0 0.9383259911894273 0.3674698795180723 0.8810572687224669 0.3674698795180723 0.8810572687224669 0.4397590361445783 0.9383259911894273 0.4397590361445783 0.9383259911894273 0.3674698795180723
0 0.5242290748898678 0.19879518072289157 0.46255506607929514 0.19879518072289157 0.46255506607929514 0.26506024096385544 0.5242290748898678 0.26506024096385544 0.5242290748898678 0.19879518072289157
0 0.8061674008810573 0.26506024096385544 0.748898678414097 0.26506024096385544 0.748898678414097 0.3373493975903614 0.8061674008810573 0.3373493975903614 0.8061674008810573 0.26506024096385544
0 0.5726872246696035 0 0.5242290748898678 0 0.5242290748898678 0.05421686746987952 0.5726872246696035 0.05421686746987952 0.5726872246696035 0
0 0.9295154185022027 0.1144578313253012 0.8722466960352423 0.1144578313253012 0.8722466960352423 0.1746987951807229 0.9295154185022027 0.1746987951807229 0.9295154185022027 0.1144578313253012
0 0.5726872246696035 0.9216867469879518 0.5242290748898678 0.9216867469879518 0.5242290748898678 0.9939759036144579 0.5726872246696035 0.9939759036144579 0.5726872246696035 0.9216867469879518
0 0.9295154185022027 0.8674698795180723 0.8722466960352423 0.8674698795180723 0.8722466960352423 0.927710843373494 0.9295154185022027 0.927710843373494 0.9295154185022027 0.8674698795180723
0 0.7400881057268722 0.5120481927710844 0.6960352422907489 0.5120481927710844 0.6960352422907489 0.5843373493975904 0.7400881057268722 0.5843373493975904 0.7400881057268722 0.5120481927710844
0 0.4052863436123348 0.2891566265060241 0.3568281938325991 0.2891566265060241 0.3568281938325991 0.3493975903614458 0.4052863436123348 0.3493975903614458 0.4052863436123348 0.2891566265060241
0 0.6387665198237885 0.9216867469879518 0.5814977973568282 0.9216867469879518 0.5814977973568282 0.9939759036144579 0.6387665198237885 0.9939759036144579 0.6387665198237885 0.9216867469879518
0 0.6960352422907489 0.927710843373494 0.6387665198237885 0.927710843373494 0.6387665198237885 0.9939759036144579 0.6960352422907489 0.9939759036144579 0.6960352422907489 0.927710843373494
0 0.9383259911894273 0.26506024096385544 0.8810572687224669 0.26506024096385544 0.8810572687224669 0.3313253012048193 0.9383259911894273 0.3313253012048193 0.9383259911894273 0.26506024096385544
0 0.6960352422907489 0.8493975903614458 0.6387665198237885 0.8493975903614458 0.6387665198237885 0.9216867469879518 0.6960352422907489 0.9216867469879518 0.6960352422907489 0.8493975903614458
0 0.17180616740088106 0.5542168674698795 0.12334801762114538 0.5542168674698795 0.12334801762114538 0.6144578313253012 0.17180616740088106 0.6144578313253012 0.17180616740088106 0.5542168674698795
0 0.21585903083700442 0 0.16299559471365638 0 0.16299559471365638 0.04216867469879518 0.21585903083700442 0.04216867469879518 0.21585903083700442 0
0 0.973568281938326 0 0.9295154185022027 0 0.9295154185022027 0.04216867469879518 0.973568281938326 0.04216867469879518 0.973568281938326 0
0 0.46255506607929514 0.06626506024096386 0.4052863436123348 0.06626506024096386 0.4052863436123348 0.12650602409638553 0.46255506607929514 0.12650602409638553 0.46255506607929514 0.06626506024096386
0 0.12334801762114538 0.7168674698795181 0.06607929515418502 0.7168674698795181 0.06607929515418502 0.7771084337349398 0.12334801762114538 0.7771084337349398 0.12334801762114538 0.7168674698795181
0 0.9911894273127754 0.25903614457831325 0.9383259911894273 0.25903614457831325 0.9383259911894273 0.3192771084337349 0.9911894273127754 0.3192771084337349 0.9911894273127754 0.25903614457831325
0 0.34801762114537443 0.12650602409638553 0.2907488986784141 0.12650602409638553 0.2907488986784141 0.18674698795180722 0.34801762114537443 0.18674698795180722 0.34801762114537443 0.12650602409638553
0 0.9823788546255506 0.04216867469879518 0.920704845814978 0.04216867469879518 0.920704845814978 0.0963855421686747 0.9823788546255506 0.0963855421686747 0.9823788546255506 0.04216867469879518
0 0.5154185022026432 0.5963855421686747 0.46255506607929514 0.5963855421686747 0.46255506607929514 0.6566265060240963 0.5154185022026432 0.6566265060240963 0.5154185022026432 0.5963855421686747
0 0.920704845814978 0.6746987951807228 0.8634361233480177 0.6746987951807228 0.8634361233480177 0.7469879518072289 0.920704845814978 0.7469879518072289 0.920704845814978 0.6746987951807228
0 0.17180616740088106 0.46987951807228917 0.12334801762114538 0.46987951807228917 0.12334801762114538 0.5421686746987951 0.17180616740088106 0.5421686746987951 0.17180616740088106 0.46987951807228917
0 0.8722466960352423 0.5 0.8149779735682819 0.5 0.8149779735682819 0.572289156626506 0.8722466960352423 0.572289156626506 0.8722466960352423 0.5
0 0.09691629955947137 0 0.048458149779735685 0 0.048458149779735685 0.04216867469879518 0.09691629955947137 0.04216867469879518 0.09691629955947137 0
0 0.6387665198237885 0.8373493975903614 0.5814977973568282 0.8373493975903614 0.5814977973568282 0.9216867469879518 0.6387665198237885 0.9216867469879518 0.6387665198237885 0.8373493975903614
0 0.2907488986784141 0.4397590361445783 0.23788546255506607 0.4397590361445783 0.23788546255506607 0.5120481927710844 0.2907488986784141 0.5120481927710844 0.2907488986784141 0.4397590361445783
0 0.8634361233480177 0.9397590361445783 0.8149779735682819 0.9397590361445783 0.8149779735682819 0.9939759036144579 0.8634361233480177 0.9939759036144579 0.8634361233480177 0.9397590361445783
0 0.06607929515418502 0.927710843373494 0.004405286343612335 0.927710843373494 0.004405286343612335 0.9939759036144579 0.06607929515418502 0.9939759036144579 0.06607929515418502 0.927710843373494
0 0.5242290748898678 0.6746987951807228 0.4713656387665198 0.6746987951807228 0.4713656387665198 0.7469879518072289 0.5242290748898678 0.7469879518072289 0.5242290748898678 0.6746987951807228
0 0.3656387665198238 0.9216867469879518 0.3039647577092511 0.9216867469879518 0.3039647577092511 0.9939759036144579 0.3656387665198238 0.9939759036144579 0.3656387665198238 0.9216867469879518
0 0.18061674008810572 0.8614457831325302 0.14096916299559473 0.8614457831325302 0.14096916299559473 0.9216867469879518 0.18061674008810572 0.9216867469879518 0.18061674008810572 0.8614457831325302
0 0.12334801762114538 0.7891566265060241 0.07488986784140969 0.7891566265060241 0.07488986784140969 0.8614457831325302 0.12334801762114538 0.8614457831325302 0.12334801762114538 0.7891566265060241
0 0.46255506607929514 0.2891566265060241 0.41409691629955947 0.2891566265060241 0.41409691629955947 0.3493975903614458 0.46255506607929514 0.3493975903614458 0.46255506607929514 0.2891566265060241
0 0.8634361233480177 0.10240963855421686 0.8061674008810573 0.10240963855421686 0.8061674008810573 0.1746987951807229 0.8634361233480177 0.1746987951807229 0.8634361233480177 0.10240963855421686
0 0.5726872246696035 0.7590361445783133 0.5242290748898678 0.7590361445783133 0.5242290748898678 0.8313253012048193 0.5726872246696035 0.8313253012048193 0.5726872246696035 0.7590361445783133
0 0.3568281938325991 0.4397590361445783 0.29955947136563876 0.4397590361445783 0.29955947136563876 0.5120481927710844 0.3568281938325991 0.5120481927710844 0.3568281938325991 0.4397590361445783
0 0.21585903083700442 0.05421686746987952 0.16299559471365638 0.05421686746987952 0.16299559471365638 0.1144578313253012 0.21585903083700442 0.1144578313253012 0.21585903083700442 0.05421686746987952
0 0.1145374449339207 0.927710843373494 0.06607929515418502 0.927710843373494 0.06607929515418502 0.9939759036144579 0.1145374449339207 0.9939759036144579 0.1145374449339207 0.927710843373494
0 0.9295154185022027 0.9397590361445783 0.8810572687224669 0.9397590361445783 0.8810572687224669 0.9939759036144579 0.9295154185022027 0.9939759036144579 0.9295154185022027 0.9397590361445783
0 0.8634361233480177 0.7469879518072289 0.8149779735682819 0.7469879518072289 0.8149779735682819 0.8192771084337349 0.8634361233480177 0.8192771084337349 0.8634361233480177 0.7469879518072289
0 0.46255506607929514 0.2289156626506024 0.42290748898678415 0.2289156626506024 0.42290748898678415 0.2891566265060241 0.46255506607929514 0.2891566265060241 0.46255506607929514 0.2289156626506024
0 0.16299559471365638 0.05421686746987952 0.10572687224669604 0.05421686746987952 0.10572687224669604 0.1144578313253012 0.16299559471365638 0.1144578313253012 0.16299559471365638 0.05421686746987952
0 0.7312775330396476 0.05421686746987952 0.6916299559471366 0.05421686746987952 0.6916299559471366 0.1144578313253012 0.7312775330396476 0.1144578313253012 0.7312775330396476 0.05421686746987952
0 0.22466960352422907 0.20481927710843373 0.17180616740088106 0.20481927710843373 0.17180616740088106 0.26506024096385544 0.22466960352422907 0.26506024096385544 0.22466960352422907 0.20481927710843373
0 0.3392070484581498 0.05421686746987952 0.28193832599118945 0.05421686746987952 0.28193832599118945 0.1144578313253012 0.3392070484581498 0.1144578313253012 0.3392070484581498 0.05421686746987952
0 0.7577092511013216 0.9397590361445783 0.6960352422907489 0.9397590361445783 0.6960352422907489 0.9939759036144579 0.7577092511013216 0.9939759036144579 0.7577092511013216 0.9397590361445783
0 0.9162995594713657 0 0.8634361233480177 0 0.8634361233480177 0.04216867469879518 0.9162995594713657 0.04216867469879518 0.9162995594713657 0
0 0.8149779735682819 0.9397590361445783 0.7577092511013216 0.9397590361445783 0.7577092511013216 0.9939759036144579 0.8149779735682819 0.9939759036144579 0.8149779735682819 0.9397590361445783
0 0.8061674008810573 0.1746987951807229 0.748898678414097 0.1746987951807229 0.748898678414097 0.23493975903614459 0.8061674008810573 0.23493975903614459 0.8061674008810573 0.1746987951807229
0 0.3568281938325991 0.5240963855421686 0.29955947136563876 0.5240963855421686 0.29955947136563876 0.5963855421686747 0.3568281938325991 0.5963855421686747 0.3568281938325991 0.5240963855421686
0 0.3964757709251101 0.18674698795180722 0.34801762114537443 0.18674698795180722 0.34801762114537443 0.26506024096385544 0.3964757709251101 0.26506024096385544 0.3964757709251101 0.18674698795180722
0 0.12334801762114538 0.6265060240963856 0.06607929515418502 0.6265060240963856 0.06607929515418502 0.6867469879518072 0.12334801762114538 0.6867469879518072 0.12334801762114538 0.6265060240963856
0 0.3964757709251101 0.04216867469879518 0.3392070484581498 0.04216867469879518 0.3392070484581498 0.1144578313253012 0.3964757709251101 0.1144578313253012 0.3964757709251101 0.04216867469879518
0 0.9823788546255506 0.6867469879518072 0.9295154185022027 0.6867469879518072 0.9295154185022027 0.7590361445783133 0.9823788546255506 0.7590361445783133 0.9823788546255506 0.6867469879518072
0 0.5242290748898678 0.2891566265060241 0.4713656387665198 0.2891566265060241 0.4713656387665198 0.3614457831325301 0.5242290748898678 0.3614457831325301 0.5242290748898678 0.2891566265060241
0 0.1145374449339207 0.3674698795180723 0.05726872246696035 0.3674698795180723 0.05726872246696035 0.4397590361445783 0.1145374449339207 0.4397590361445783 0.1145374449339207 0.3674698795180723
0 0.5726872246696035 0.6566265060240963 0.5242290748898678 0.6566265060240963 0.5242290748898678 0.7168674698795181 0.5726872246696035 0.7168674698795181 0.5726872246696035 0.6566265060240963
0 0.17180616740088106 0.3674698795180723 0.1145374449339207 0.3674698795180723 0.1145374449339207 0.4397590361445783 0.17180616740088106 0.4397590361445783 0.17180616740088106 0.3674698795180723
0 0.6828193832599119 0.06626506024096386 0.6299559471365639 0.06626506024096386 0.6299559471365639 0.12650602409638553 0.6828193832599119 0.12650602409638553 0.6828193832599119 0.06626506024096386
0 0.10572687224669604 0.04216867469879518 0.05726872246696035 0.04216867469879518 0.05726872246696035 0.10240963855421686 0.10572687224669604 0.10240963855421686 0.10572687224669604 0.04216867469879518
0 0.7312775330396476 0 0.6916299559471366 0 0.6916299559471366 0.04216867469879518 0.7312775330396476 0.04216867469879518 0.7312775330396476 0
0 0.22466960352422907 0.12650602409638553 0.17180616740088106 0.12650602409638553 0.17180616740088106 0.18674698795180722 0.22466960352422907 0.18674698795180722 0.22466960352422907 0.12650602409638553
0 0.17180616740088106 0.21686746987951808 0.1145374449339207 0.21686746987951808 0.1145374449339207 0.27710843373493976 0.17180616740088106 0.27710843373493976 0.17180616740088106 0.21686746987951808
0 0.12334801762114538 0.20481927710843373 0.048458149779735685 0.20481927710843373 0.048458149779735685 0.27710843373493976 0.12334801762114538 0.27710843373493976 0.12334801762114538 0.20481927710843373
0 0.22466960352422907 0.27710843373493976 0.17180616740088106 0.27710843373493976 0.17180616740088106 0.3493975903614458 0.22466960352422907 0.3493975903614458 0.22466960352422907 0.27710843373493976
0 0.8149779735682819 0.8493975903614458 0.7577092511013216 0.8493975903614458 0.7577092511013216 0.9216867469879518 0.8149779735682819 0.9216867469879518 0.8149779735682819 0.8493975903614458
0 0.1145374449339207 0.45180722891566266 0.05726872246696035 0.45180722891566266 0.05726872246696035 0.5240963855421686 0.1145374449339207 0.5240963855421686 0.1145374449339207 0.45180722891566266
0 0.29955947136563876 0.9216867469879518 0.2290748898678414 0.9216867469879518 0.2290748898678414 0.9939759036144579 0.29955947136563876 0.9939759036144579 0.29955947136563876 0.9216867469879518
0 0.3568281938325991 0.3614457831325301 0.29955947136563876 0.3614457831325301 0.29955947136563876 0.42771084337349397 0.3568281938325991 0.42771084337349397 0.3568281938325991 0.3614457831325301
0 0.8722466960352423 0.8674698795180723 0.8149779735682819 0.8674698795180723 0.8149779735682819 0.9397590361445783 0.8722466960352423 0.9397590361445783 0.8722466960352423 0.8674698795180723
0 0.8061674008810573 0.7590361445783133 0.748898678414097 0.7590361445783133 0.748898678414097 0.8192771084337349 0.8061674008810573 0.8192771084337349 0.8061674008810573 0.7590361445783133
0 0.6299559471365639 0.5843373493975904 0.5903083700440529 0.5843373493975904 0.5903083700440529 0.6445783132530121 0.6299559471365639 0.6445783132530121 0.6299559471365639 0.5843373493975904
0 0.28193832599118945 0.05421686746987952 0.22466960352422907 0.05421686746987952 0.22466960352422907 0.1144578313253012 0.28193832599118945 0.1144578313253012 0.28193832599118945 0.05421686746987952
0 0.6211453744493393 0 0.5726872246696035 0 0.5726872246696035 0.05421686746987952 0.6211453744493393 0.05421686746987952 0.6211453744493393 0
0 0.28193832599118945 0.12650602409638553 0.22466960352422907 0.12650602409638553 0.22466960352422907 0.19879518072289157 0.28193832599118945 0.19879518072289157 0.28193832599118945 0.12650602409638553
0 0.7973568281938326 0.1144578313253012 0.7400881057268722 0.1144578313253012 0.7400881057268722 0.1746987951807229 0.7973568281938326 0.1746987951807229 0.7973568281938326 0.1144578313253012
0 0.6828193832599119 0 0.6211453744493393 0 0.6211453744493393 0.06626506024096386 0.6828193832599119 0.06626506024096386 0.6828193832599119 0
0 0.048458149779735685 0 0 0 0 0.04216867469879518 0.048458149779735685 0.04216867469879518 0.048458149779735685 0
0 0.12334801762114538 0.5421686746987951 0.06607929515418502 0.5421686746987951 0.06607929515418502 0.6144578313253012 0.12334801762114538 0.6144578313253012 0.12334801762114538 0.5421686746987951
0 0.09691629955947137 0.8674698795180723 0.06607929515418502 0.8674698795180723 0.06607929515418502 0.9216867469879518 0.09691629955947137 0.9216867469879518 0.09691629955947137 0.8674698795180723