0 0.7657657657657657 0.7108433734939759 0.7027027027027027 0.7108433734939759 0.7027027027027027 0.7710843373493976 0.7657657657657657 0.7710843373493976 0.7657657657657657 0.7108433734939759
0 0.7027027027027027 0.6746987951807228 0.6666666666666666 0.6746987951807228 0.6666666666666666 0.7108433734939759 0.7027027027027027 0.7108433734939759 0.7027027027027027 0.6746987951807228
0 0.6576576576576577 0.3614457831325301 0.6036036036036037 0.3614457831325301 0.6036036036036037 0.42168674698795183 0.6576576576576577 0.42168674698795183 0.6576576576576577 0.3614457831325301
0 0.3063063063063063 0.8192771084337349 0.24324324324324326 0.8192771084337349 0.24324324324324326 0.8795180722891566 0.3063063063063063 0.8795180722891566 0.3063063063063063 0.8192771084337349
0 0.26126126126126126 0.9518072289156626 0.2072072072072072 0.9759036144578314 0.26126126126126126 0.9518072289156626
0 0.2972972972972973 0.40963855421686746 0.23423423423423423 0.40963855421686746 0.23423423423423423 0.46987951807228917 0.2972972972972973 0.46987951807228917 0.2972972972972973 0.40963855421686746
0 0.3963963963963964 0.8192771084337349 0.34234234234234234 0.8192771084337349 0.34234234234234234 0.8795180722891566 0.3963963963963964 0.8795180722891566 0.3963963963963964 0.8192771084337349
0 0.954954954954955 0.012048192771084338 0.9279279279279279 0.012048192771084338 0.9279279279279279 0.08433734939759036 0.954954954954955 0.08433734939759036 0.954954954954955 0.012048192771084338
0 0.6936936936936937 0.3614457831325301 0.6666666666666666 0.3614457831325301 0.6666666666666666 0.42168674698795183 0.6936936936936937 0.42168674698795183 0.6936936936936937 0.3614457831325301
0 0.2072072072072072 0.9397590361445783 0.15315315315315314 0.9397590361445783 0.15315315315315314 0.9759036144578314 0.2072072072072072 0.9759036144578314 0.2072072072072072 0.9397590361445783
0 0.23423423423423423 0.40963855421686746 0.1981981981981982 0.40963855421686746 0.1981981981981982 0.46987951807228917 0.23423423423423423 0.46987951807228917 0.23423423423423423 0.40963855421686746
0 0.24324324324324326 0.8795180722891566 0.2072072072072072 0.8795180722891566 0.2072072072072072 0.9397590361445783 0.24324324324324326 0.9397590361445783 0.24324324324324326 0.8795180722891566
0 0.7027027027027027 0.7349397590361446 0.6666666666666666 0.7349397590361446 0.6666666666666666 0.7831325301204819 0.7027027027027027 0.7831325301204819 0.7027027027027027 0.7349397590361446
0 0.6486486486486487 0 0.5945945945945946 0 0.5945945945945946 0.03614457831325301 0.6486486486486487 0.03614457831325301 0.6486486486486487 0
0 0.7567567567567568 0.8313253012048193 0.7027027027027027 0.8313253012048193 0.7027027027027027 0.891566265060241 0.7567567567567568 0.891566265060241 0.7567567567567568 0.8313253012048193
0 0.7567567567567568 0.7710843373493976 0.7027027027027027 0.7710843373493976 0.7027027027027027 0.8313253012048193 0.7567567567567568 0.8313253012048193 0.7567567567567568 0.7710843373493976
0 0.7477477477477478 0.3614457831325301 0.6936936936936937 0.3614457831325301 0.6936936936936937 0.42168674698795183 0.7477477477477478 0.42168674698795183 0.7477477477477478 0.3614457831325301
0 0.34234234234234234 0.8192771084337349 0.3063063063063063 0.8192771084337349 0.3063063063063063 0.8795180722891566 0.34234234234234234 0.8795180722891566 0.34234234234234234 0.8192771084337349
0 0.7657657657657657 0.6506024096385542 0.7027027027027027 0.6506024096385542 0.7027027027027027 0.7108433734939759 0.7657657657657657 0.7108433734939759 0.7657657657657657 0.6506024096385542
0 0.6666666666666666 0.9156626506024096 0.6036036036036037 0.9156626506024096 0.6036036036036037 0.9759036144578314 0.6666666666666666 0.9759036144578314 0.6666666666666666 0.9156626506024096
0 0.963963963963964 0.0963855421686747 0.9279279279279279 0.0963855421686747 0.9279279279279279 0.1566265060240964 0.963963963963964 0.1566265060240964 0.963963963963964 0.0963855421686747
0 0.8648648648648649 0.9518072289156626 0.8198198198198198 0.9759036144578314 0.8648648648648649 0.9518072289156626
0 0.6036036036036037 0.9156626506024096 0.5765765765765766 0.9156626506024096 0.5765765765765766 0.9759036144578314 0.6036036036036037 0.9759036144578314 0.6036036036036037 0.9156626506024096
0 0.9819819819819819 0.024096385542168676 0.954954954954955 0.024096385542168676 0.954954954954955 0.08433734939759036 0.9819819819819819 0.08433734939759036 0.9819819819819819 0.024096385542168676
0 0.7027027027027027 0.6024096385542169 0.6666666666666666 0.6024096385542169 0.6666666666666666 0.6506024096385542 0.7027027027027027 0.6506024096385542 0.7027027027027027 0.6024096385542169
0 0.5765765765765766 0.7469879518072289 0.5225225225225225 0.7469879518072289 0.5225225225225225 0.8072289156626506 0.5765765765765766 0.8072289156626506 0.5765765765765766 0.7469879518072289
0 0.6666666666666666 0.6746987951807228 0.6126126126126126 0.6746987951807228 0.6126126126126126 0.7349397590361446 0.6666666666666666 0.7349397590361446 0.6666666666666666 0.6746987951807228
0 0.7117117117117117 0.9036144578313253 0.6666666666666666 0.9036144578313253 0.6666666666666666 0.9759036144578314 0.7117117117117117 0.9759036144578314 0.7117117117117117 0.9036144578313253
0 0.12612612612612611 0 0.07207207207207207 0 0.07207207207207207 0.03614457831325301 0.12612612612612611 0.03614457831325301 0.12612612612612611 0
0 0.3333333333333333 0.3855421686746988 0.2972972972972973 0.3855421686746988 0.2972972972972973 0.46987951807228917 0.3333333333333333 0.46987951807228917 0.3333333333333333 0.3855421686746988
0 0.9819819819819819 0.9397590361445783 0.9459459459459459 0.9397590361445783 0.9459459459459459 0.9759036144578314 0.9819819819819819 0.9759036144578314 0.9819819819819819 0.9397590361445783
0 0.6126126126126126 0.8433734939759037 0.5675675675675675 0.8433734939759037 0.5675675675675675 0.9036144578313253 0.6126126126126126 0.9036144578313253 0.6126126126126126 0.8433734939759037
0 0.15315315315315314 0.9397590361445783 0.10810810810810811 0.9397590361445783 0.10810810810810811 0.9759036144578314 0.15315315315315314 0.9759036144578314 0.15315315315315314 0.9397590361445783
0 0.34234234234234234 0.7469879518072289 0.3063063063063063 0.7469879518072289 0.3063063063063063 0.8072289156626506 0.34234234234234234 0.8072289156626506 0.34234234234234234 0.7469879518072289
0 0.5945945945945946 0 0.5585585585585585 0 0.5585585585585585 0.04819277108433735 0.5945945945945946 0.04819277108433735 0.5945945945945946 0
0 0.4144144144144144 0.9036144578313253 0.3333333333333333 0.9036144578313253 0.3333333333333333 0.9759036144578314 0.4144144144144144 0.9759036144578314 0.4144144144144144 0.9036144578313253
0 0.3963963963963964 0.6385542168674698 0.34234234234234234 0.6385542168674698 0.34234234234234234 0.6987951807228916 0.3963963963963964 0.6987951807228916 0.3963963963963964 0.6385542168674698
0 0.5135135135135135 0.24096385542168675 0.4774774774774775 0.24096385542168675 0.4774774774774775 0.30120481927710846 0.5135135135135135 0.30120481927710846 0.5135135135135135 0.24096385542168675
0 0.7657657657657657 0.891566265060241 0.7027027027027027 0.891566265060241 0.7027027027027027 0.963855421686747 0.7657657657657657 0.963855421686747 0.7657657657657657 0.891566265060241
0 0.6126126126126126 0.6746987951807228 0.5765765765765766 0.6746987951807228 0.5765765765765766 0.7469879518072289 0.6126126126126126 0.7469879518072289 0.6126126126126126 0.6746987951807228
0 0.10810810810810811 0.9397590361445783 0.04504504504504504 0.9397590361445783 0.04504504504504504 0.9759036144578314 0.10810810810810811 0.9759036144578314 0.10810810810810811 0.9397590361445783
0 0.8198198198198198 0.9518072289156626 0.7657657657657657 0.9759036144578314 0.8198198198198198 0.9518072289156626