0 0.627906976744186 0.9241379310344827 0.5813953488372093 0.9241379310344827 0.5813953488372093 0.9862068965517241 0.627906976744186 0.9862068965517241 0.627906976744186 0.9241379310344827
0 0.936046511627907 0.6275862068965518 0.877906976744186 0.6275862068965518 0.877906976744186 0.6896551724137931 0.936046511627907 0.6896551724137931 0.936046511627907 0.6275862068965518
0 0.5872093023255814 0.7655172413793103 0.5290697674418605 0.7655172413793103 0.5290697674418605 0.8413793103448276 0.5872093023255814 0.8413793103448276 0.5872093023255814 0.7655172413793103
0 0.877906976744186 0.6275862068965518 0.8197674418604651 0.6275862068965518 0.8197674418604651 0.6896551724137931 0.877906976744186 0.6896551724137931 0.877906976744186 0.6275862068965518
0 0.12790697674418605 0.5862068965517241 0.06976744186046512 0.5862068965517241 0.06976744186046512 0.6482758620689655 0.12790697674418605 0.6482758620689655 0.12790697674418605 0.5862068965517241
0 0.7034883720930233 0.5448275862068965 0.6569767441860465 0.5448275862068965 0.6569767441860465 0.6 0.7034883720930233 0.6 0.7034883720930233 0.5448275862068965
0 0.3313953488372093 0.10344827586206896 0.27906976744186046 0.10344827586206896 0.27906976744186046 0.16551724137931034 0.3313953488372093 0.16551724137931034 0.3313953488372093 0.10344827586206896
0 0.2616279069767442 0.16551724137931034 0.20348837209302326 0.16551724137931034 0.20348837209302326 0.22758620689655173 0.2616279069767442 0.22758620689655173 0.2616279069767442 0.16551724137931034
0 0.7616279069767442 0.6275862068965518 0.7034883720930233 0.6275862068965518 0.7034883720930233 0.7034482758620689 0.7616279069767442 0.7034482758620689 0.7616279069767442 0.6275862068965518
0 0.45348837209302323 0.04827586206896552 0.3953488372093023 0.04827586206896552 0.3953488372093023 0.1103448275862069 0.45348837209302323 0.1103448275862069 0.45348837209302323 0.04827586206896552
0 0.38372093023255816 0.04827586206896552 0.3372093023255814 0.04827586206896552 0.3372093023255814 0.10344827586206896 0.38372093023255816 0.10344827586206896 0.38372093023255816 0.04827586206896552
0 0.0872093023255814 0.16551724137931034 0.040697674418604654 0.16551724137931034 0.040697674418604654 0.22758620689655173 0.0872093023255814 0.22758620689655173 0.0872093023255814 0.16551724137931034
0 0.3372093023255814 0 0.29069767441860467 0 0.29069767441860467 0.027586206896551724 0.3372093023255814 0.027586206896551724 0.3372093023255814 0
0 0.8372093023255814 0.2896551724137931 0.7790697674418605 0.2896551724137931 0.7790697674418605 0.35172413793103446 0.8372093023255814 0.35172413793103446 0.8372093023255814 0.2896551724137931
0 0.29069767441860467 0.8275862068965517 0.23255813953488372 0.8275862068965517 0.23255813953488372 0.8896551724137931 0.29069767441860467 0.8896551724137931 0.29069767441860467 0.8275862068965517
0 0.6337209302325582 0.8482758620689655 0.5872093023255814 0.8482758620689655 0.5872093023255814 0.903448275862069 0.6337209302325582 0.903448275862069 0.6337209302325582 0.8482758620689655
0 0.3372093023255814 0.027586206896551724 0.27906976744186046 0.027586206896551724 0.27906976744186046 0.0896551724137931 0.3372093023255814 0.0896551724137931 0.3372093023255814 0.027586206896551724
0 0.8837209302325582 0.4896551724137931 0.8197674418604651 0.4896551724137931 0.8197674418604651 0.5655172413793104 0.8837209302325582 0.5655172413793104 0.8837209302325582 0.4896551724137931
0 0.25 0.38620689655172413 0.20348837209302326 0.38620689655172413 0.20348837209302326 0.4482758620689655 0.25 0.4482758620689655 0.25 0.38620689655172413
0 0.2616279069767442 0.32413793103448274 0.20348837209302326 0.32413793103448274 0.20348837209302326 0.38620689655172413 0.2616279069767442 0.38620689655172413 0.2616279069767442 0.32413793103448274
0 0.0872093023255814 0.0896551724137931 0.040697674418604654 0.0896551724137931 0.040697674418604654 0.15172413793103448 0.0872093023255814 0.15172413793103448 0.0872093023255814 0.0896551724137931
0 0.5290697674418605 0.6068965517241379 0.48255813953488375 0.6068965517241379 0.48255813953488375 0.6689655172413793 0.5290697674418605 0.6689655172413793 0.5290697674418605 0.6068965517241379
0 0.25 0.5724137931034483 0.18604651162790697 0.5724137931034483 0.18604651162790697 0.6482758620689655 0.25 0.6482758620689655 0.25 0.5724137931034483
0 0.686046511627907 0.8482758620689655 0.6337209302325582 0.8482758620689655 0.6337209302325582 0.903448275862069 0.686046511627907 0.903448275862069 0.686046511627907 0.8482758620689655
0 0.37790697674418605 0.1724137931034483 0.31976744186046513 0.1724137931034483 0.31976744186046513 0.2482758620689655 0.37790697674418605 0.2482758620689655 0.37790697674418605 0.1724137931034483
0 0.20348837209302326 0.16551724137931034 0.14534883720930233 0.16551724137931034 0.14534883720930233 0.22758620689655173 0.20348837209302326 0.22758620689655173 0.20348837209302326 0.16551724137931034
0 0.11627906976744186 0.8896551724137931 0.05813953488372093 0.8896551724137931 0.05813953488372093 0.9655172413793104 0.11627906976744186 0.9655172413793104 0.11627906976744186 0.8896551724137931
0 0.7151162790697675 0.4068965517241379 0.6627906976744186 0.4068965517241379 0.6627906976744186 0.4827586206896552 0.7151162790697675 0.4827586206896552 0.7151162790697675 0.4068965517241379
0 0.5406976744186046 0.4689655172413793 0.4941860465116279 0.4689655172413793 0.4941860465116279 0.5241379310344828 0.5406976744186046 0.5241379310344828 0.5406976744186046 0.4689655172413793
0 0.14534883720930233 0.16551724137931034 0.0872093023255814 0.16551724137931034 0.0872093023255814 0.22758620689655173 0.14534883720930233 0.22758620689655173 0.14534883720930233 0.16551724137931034
0 0.7616279069767442 0.5517241379310345 0.7151162790697675 0.5517241379310345 0.7151162790697675 0.6068965517241379 0.7616279069767442 0.6068965517241379 0.7616279069767442 0.5517241379310345
0 0.5290697674418605 0.7655172413793103 0.47093023255813954 0.7655172413793103 0.47093023255813954 0.8275862068965517 0.5290697674418605 0.8275862068965517 0.5290697674418605 0.7655172413793103
0 0.5872093023255814 0.6206896551724138 0.5406976744186046 0.6206896551724138 0.5406976744186046 0.6827586206896552 0.5872093023255814 0.6827586206896552 0.5872093023255814 0.6206896551724138
0 0.8197674418604651 0.4896551724137931 0.7732558139534884 0.4896551724137931 0.7732558139534884 0.5517241379310345 0.8197674418604651 0.5517241379310345 0.8197674418604651 0.4896551724137931
0 0.8197674418604651 0.6275862068965518 0.7616279069767442 0.6275862068965518 0.7616279069767442 0.6896551724137931 0.8197674418604651 0.6896551724137931 0.8197674418604651 0.6275862068965518
0 0.5523255813953488 0.3448275862068966 0.5 0.3448275862068966 0.5 0.4 0.5523255813953488 0.4 0.5523255813953488 0.3448275862068966
0 0.31976744186046513 0.2413793103448276 0.2616279069767442 0.2413793103448276 0.2616279069767442 0.30344827586206896 0.31976744186046513 0.30344827586206896 0.31976744186046513 0.2413793103448276
0 0.36627906976744184 0.6689655172413793 0.3081395348837209 0.6689655172413793 0.3081395348837209 0.7241379310344828 0.36627906976744184 0.7241379310344828 0.36627906976744184 0.6689655172413793
0 0.27325581395348836 0.0896551724137931 0.21511627906976744 0.0896551724137931 0.21511627906976744 0.15172413793103448 0.27325581395348836 0.15172413793103448 0.27325581395348836 0.0896551724137931
0 0.31976744186046513 0.16551724137931034 0.27325581395348836 0.16551724137931034 0.27325581395348836 0.2413793103448276 0.31976744186046513 0.2413793103448276 0.31976744186046513 0.16551724137931034
0 0.686046511627907 0.9241379310344827 0.6337209302325582 0.9241379310344827 0.6337209302325582 0.9862068965517241 0.686046511627907 0.9862068965517241 0.686046511627907 0.9241379310344827
0 0.5406976744186046 0.4068965517241379 0.5 0.4068965517241379 0.5 0.4689655172413793 0.5406976744186046 0.4689655172413793 0.5406976744186046 0.4068965517241379
0 0.36046511627906974 0.5655172413793104 0.3081395348837209 0.5655172413793104 0.3081395348837209 0.6275862068965518 0.36046511627906974 0.6275862068965518 0.36046511627906974 0.5655172413793104
0 0.7151162790697675 0.4896551724137931 0.6569767441860465 0.4896551724137931 0.6569767441860465 0.5310344827586206 0.7151162790697675 0.5310344827586206 0.7151162790697675 0.4896551724137931
0 0.48255813953488375 0.5862068965517241 0.436046511627907 0.5862068965517241 0.436046511627907 0.6689655172413793 0.48255813953488375 0.6689655172413793 0.48255813953488375 0.5862068965517241
0 0.5116279069767442 0.04827586206896552 0.45348837209302323 0.04827586206896552 0.45348837209302323 0.1103448275862069 0.5116279069767442 0.1103448275862069 0.5116279069767442 0.04827586206896552
0 0.06976744186046512 0.4482758620689655 0.023255813953488372 0.4482758620689655 0.023255813953488372 0.503448275862069 0.06976744186046512 0.503448275862069 0.06976744186046512 0.4482758620689655
0 0.14534883720930233 0.0896551724137931 0.0872093023255814 0.0896551724137931 0.0872093023255814 0.14482758620689656 0.14534883720930233 0.14482758620689656 0.14534883720930233 0.0896551724137931
0 0.08139534883720931 0.30344827586206896 0.029069767441860465 0.30344827586206896 0.029069767441860465 0.36551724137931035 0.08139534883720931 0.36551724137931035 0.08139534883720931 0.30344827586206896
0 0.5232558139534884 0.9241379310344827 0.46511627906976744 0.9241379310344827 0.46511627906976744 0.9862068965517241 0.5232558139534884 0.9862068965517241 0.5232558139534884 0.9241379310344827
0 0.6569767441860465 0.6206896551724138 0.5988372093023255 0.6206896551724138 0.5988372093023255 0.6896551724137931 0.6569767441860465 0.6896551724137931 0.6569767441860465 0.6206896551724138
0 0.7325581395348837 0.06896551724137931 0.6744186046511628 0.06896551724137931 0.6744186046511628 0.1310344827586207 0.7325581395348837 0.1310344827586207 0.7325581395348837 0.06896551724137931
0 0.21511627906976744 0.0896551724137931 0.14534883720930233 0.0896551724137931 0.14534883720930233 0.14482758620689656 0.21511627906976744 0.14482758620689656 0.21511627906976744 0.0896551724137931
0 0.37790697674418605 0 0.3372093023255814 0 0.3372093023255814 0.027586206896551724 0.37790697674418605 0.027586206896551724 0.37790697674418605 0
0 0.27906976744186046 0.020689655172413793 0.21511627906976744 0.020689655172413793 0.21511627906976744 0.0896551724137931 0.27906976744186046 0.0896551724137931 0.27906976744186046 0.020689655172413793
0 0.6569767441860465 0.4206896551724138 0.6104651162790697 0.4206896551724138 0.6104651162790697 0.4896551724137931 0.6569767441860465 0.4896551724137931 0.6569767441860465 0.4206896551724138
0 0.45348837209302323 0.1724137931034483 0.38372093023255816 0.1724137931034483 0.38372093023255816 0.2482758620689655 0.45348837209302323 0.2482758620689655 0.45348837209302323 0.1724137931034483
0 0.5116279069767442 0.12413793103448276 0.45348837209302323 0.12413793103448276 0.45348837209302323 0.18620689655172415 0.5116279069767442 0.18620689655172415 0.5116279069767442 0.12413793103448276
0 0.029069767441860465 0.16551724137931034 0 0.16551724137931034 0 0.22758620689655173 0.029069767441860465 0.22758620689655173 0.029069767441860465 0.16551724137931034
0 0.8372093023255814 0.36551724137931035 0.7732558139534884 0.36551724137931035 0.7732558139534884 0.42758620689655175 0.8372093023255814 0.42758620689655175 0.8372093023255814 0.36551724137931035
0 0.1744186046511628 0.5862068965517241 0.12790697674418605 0.5862068965517241 0.12790697674418605 0.6482758620689655 0.1744186046511628 0.6482758620689655 0.1744186046511628 0.5862068965517241
0 0.06976744186046512 0.5862068965517241 0.023255813953488372 0.5862068965517241 0.023255813953488372 0.6482758620689655 0.06976744186046512 0.6482758620689655 0.06976744186046512 0.5862068965517241
0 0.8953488372093024 0.2896551724137931 0.8372093023255814 0.2896551724137931 0.8372093023255814 0.35172413793103446 0.8953488372093024 0.35172413793103446 0.8953488372093024 0.2896551724137931
0 0.46511627906976744 0.8275862068965517 0.42441860465116277 0.8275862068965517 0.42441860465116277 0.8896551724137931 0.46511627906976744 0.8896551724137931 0.46511627906976744 0.8275862068965517
0 0.3081395348837209 0.5655172413793104 0.25 0.5655172413793104 0.25 0.6482758620689655 0.3081395348837209 0.6482758620689655 0.3081395348837209 0.5655172413793104
0 0.7732558139534884 0.4896551724137931 0.7151162790697675 0.4896551724137931 0.7151162790697675 0.5517241379310345 0.7732558139534884 0.5517241379310345 0.7732558139534884 0.4896551724137931
0 0.4418604651162791 0 0.38372093023255816 0 0.38372093023255816 0.041379310344827586 0.4418604651162791 0.041379310344827586 0.4418604651162791 0
0 0.9941860465116279 0.6275862068965518 0.9418604651162791 0.6275862068965518 0.9418604651162791 0.6896551724137931 0.9941860465116279 0.6896551724137931 0.9941860465116279 0.6275862068965518
0 0.5 0.32413793103448274 0.436046511627907 0.32413793103448274 0.436046511627907 0.38620689655172413 0.5 0.38620689655172413 0.5 0.32413793103448274
0 0.14534883720930233 0.22758620689655173 0.0872093023255814 0.22758620689655173 0.0872093023255814 0.2896551724137931 0.14534883720930233 0.2896551724137931 0.14534883720930233 0.22758620689655173
0 0.37790697674418605 0.1103448275862069 0.3372093023255814 0.1103448275862069 0.3372093023255814 0.16551724137931034 0.37790697674418605 0.16551724137931034 0.37790697674418605 0.1103448275862069
0 0.7906976744186046 0 0.7325581395348837 0 0.7325581395348837 0.06206896551724138 0.7906976744186046 0.06206896551724138 0.7906976744186046 0
0 0.4941860465116279 0.6827586206896552 0.42441860465116277 0.6827586206896552 0.42441860465116277 0.7448275862068966 0.4941860465116279 0.7448275862068966 0.4941860465116279 0.6827586206896552
0 0.11627906976744186 0.7241379310344828 0.06976744186046512 0.7241379310344828 0.06976744186046512 0.8 0.11627906976744186 0.8 0.11627906976744186 0.7241379310344828
0 0.8604651162790697 0 0.8023255813953488 0 0.8023255813953488 0.04827586206896552 0.8604651162790697 0.04827586206896552 0.8604651162790697 0
0 0.6104651162790697 0.3448275862068966 0.5581395348837209 0.3448275862068966 0.5581395348837209 0.4068965517241379 0.6104651162790697 0.4068965517241379 0.6104651162790697 0.3448275862068966
0 0.47093023255813954 0.7448275862068966 0.42441860465116277 0.7448275862068966 0.42441860465116277 0.8275862068965517 0.47093023255813954 0.8275862068965517 0.47093023255813954 0.7448275862068966
0 0.7034883720930233 0.6206896551724138 0.6569767441860465 0.6206896551724138 0.6569767441860465 0.6896551724137931 0.7034883720930233 0.6896551724137931 0.7034883720930233 0.6206896551724138
0 0.6453488372093024 0.5448275862068965 0.5988372093023255 0.5448275862068965 0.5988372093023255 0.6068965517241379 0.6453488372093024 0.6068965517241379 0.6453488372093024 0.5448275862068965
0 0.5988372093023255 0.4689655172413793 0.5406976744186046 0.4689655172413793 0.5406976744186046 0.5241379310344828 0.5988372093023255 0.5241379310344828 0.5988372093023255 0.4689655172413793
0 0.3023255813953488 0.503448275862069 0.25 0.503448275862069 0.25 0.5655172413793104 0.3023255813953488 0.5655172413793104 0.3023255813953488 0.503448275862069
0 0.36627906976744184 0.503448275862069 0.3081395348837209 0.503448275862069 0.3081395348837209 0.5655172413793104 0.36627906976744184 0.5655172413793104 0.36627906976744184 0.503448275862069
0 0.75 0.8482758620689655 0.6918604651162791 0.8482758620689655 0.6918604651162791 0.9103448275862069 0.75 0.9103448275862069 0.75 0.8482758620689655
0 0.6453488372093024 0.7655172413793103 0.5872093023255814 0.7655172413793103 0.5872093023255814 0.8413793103448276 0.6453488372093024 0.8413793103448276 0.6453488372093024 0.7655172413793103
0 0.9651162790697675 0.2827586206896552 0.8953488372093024 0.2827586206896552 0.8953488372093024 0.3448275862068966 0.9651162790697675 0.3448275862068966 0.9651162790697675 0.2827586206896552
0 0.5581395348837209 0.2689655172413793 0.5 0.2689655172413793 0.5 0.3448275862068966 0.5581395348837209 0.3448275862068966 0.5581395348837209 0.2689655172413793
0 0.31976744186046513 0.32413793103448274 0.2616279069767442 0.32413793103448274 0.2616279069767442 0.4 0.31976744186046513 0.4 0.31976744186046513 0.32413793103448274
0 0.5 0.2689655172413793 0.4418604651162791 0.2689655172413793 0.4418604651162791 0.32413793103448274 0.5 0.32413793103448274 0.5 0.2689655172413793
0 0.05813953488372093 0.7241379310344828 0.011627906976744186 0.7241379310344828 0.011627906976744186 0.8 0.05813953488372093 0.8 0.05813953488372093 0.7241379310344828
0 0.9941860465116279 0.503448275862069 0.9534883720930233 0.503448275862069 0.9534883720930233 0.5655172413793104 0.9941860465116279 0.5655172413793104 0.9941860465116279 0.503448275862069
0 0.7616279069767442 0.4206896551724138 0.7151162790697675 0.4206896551724138 0.7151162790697675 0.4827586206896552 0.7616279069767442 0.4827586206896552 0.7616279069767442 0.4206896551724138
0 0.36627906976744184 0.7448275862068966 0.3023255813953488 0.7448275862068966 0.3023255813953488 0.8068965517241379 0.36627906976744184 0.8068965517241379 0.36627906976744184 0.7448275862068966
0 0.7325581395348837 0.14482758620689656 0.6744186046511628 0.14482758620689656 0.6744186046511628 0.20689655172413793 0.7325581395348837 0.20689655172413793 0.7325581395348837 0.14482758620689656
0 0.7732558139534884 0.3448275862068966 0.7151162790697675 0.3448275862068966 0.7151162790697675 0.4068965517241379 0.7732558139534884 0.4068965517241379 0.7732558139534884 0.3448275862068966
0 0.6104651162790697 0.4068965517241379 0.5523255813953488 0.4068965517241379 0.5523255813953488 0.4689655172413793 0.6104651162790697 0.4689655172413793 0.6104651162790697 0.4068965517241379
0 0.48255813953488375 0.5241379310344828 0.42441860465116277 0.5241379310344828 0.42441860465116277 0.5862068965517241 0.48255813953488375 0.5862068965517241 0.48255813953488375 0.5241379310344828
0 0.14534883720930233 0.30344827586206896 0.0872093023255814 0.30344827586206896 0.0872093023255814 0.36551724137931035 0.14534883720930233 0.36551724137931035 0.14534883720930233 0.30344827586206896
0 0.7151162790697675 0.2827586206896552 0.6627906976744186 0.2827586206896552 0.6627906976744186 0.3448275862068966 0.7151162790697675 0.3448275862068966 0.7151162790697675 0.2827586206896552
0 0.9534883720930233 0.503448275862069 0.8837209302325582 0.503448275862069 0.8837209302325582 0.5655172413793104 0.9534883720930233 0.5655172413793104 0.9534883720930233 0.503448275862069
0 0.9534883720930233 0.2206896551724138 0.9069767441860465 0.2206896551724138 0.9069767441860465 0.2827586206896552 0.9534883720930233 0.2827586206896552 0.9534883720930233 0.2206896551724138
0 0.0872093023255814 0.22758620689655173 0.029069767441860465 0.22758620689655173 0.029069767441860465 0.2896551724137931 0.0872093023255814 0.2896551724137931 0.0872093023255814 0.22758620689655173
0 0.1744186046511628 0.8896551724137931 0.11627906976744186 0.8896551724137931 0.11627906976744186 0.9655172413793104 0.1744186046511628 0.9655172413793104 0.1744186046511628 0.8896551724137931
0 0.5406976744186046 0.5241379310344828 0.48255813953488375 0.5241379310344828 0.48255813953488375 0.5862068965517241 0.5406976744186046 0.5862068965517241 0.5406976744186046 0.5241379310344828
0 0.21511627906976744 0 0.1569767441860465 0 0.1569767441860465 0.041379310344827586 0.21511627906976744 0.041379310344827586 0.21511627906976744 0
0 0.48255813953488375 0.4689655172413793 0.42441860465116277 0.4689655172413793 0.42441860465116277 0.5241379310344828 0.48255813953488375 0.5241379310344828 0.48255813953488375 0.4689655172413793
0 0.5813953488372093 0.9241379310344827 0.5232558139534884 0.9241379310344827 0.5232558139534884 0.9862068965517241 0.5813953488372093 0.9862068965517241 0.5813953488372093 0.9241379310344827
0 0.8197674418604651 0.7862068965517242 0.75 0.7862068965517242 0.75 0.8620689655172413 0.8197674418604651 0.8620689655172413 0.8197674418604651 0.7862068965517242
0 0.3081395348837209 0.4482758620689655 0.25 0.4482758620689655 0.25 0.503448275862069 0.3081395348837209 0.503448275862069 0.3081395348837209 0.4482758620689655
0 0.9941860465116279 0.22758620689655173 0.9651162790697675 0.22758620689655173 0.9651162790697675 0.2896551724137931 0.9941860465116279 0.2896551724137931 0.9941860465116279 0.22758620689655173
0 0.6569767441860465 0.4896551724137931 0.5988372093023255 0.4896551724137931 0.5988372093023255 0.5448275862068965 0.6569767441860465 0.5448275862068965 0.6569767441860465 0.4896551724137931
0 0.8197674418604651 0.5517241379310345 0.7616279069767442 0.5517241379310345 0.7616279069767442 0.6068965517241379 0.8197674418604651 0.6068965517241379 0.8197674418604651 0.5517241379310345
0 0.8662790697674418 0.8482758620689655 0.8081395348837209 0.8482758620689655 0.8081395348837209 0.9103448275862069 0.8662790697674418 0.9103448275862069 0.8662790697674418 0.8482758620689655
0 0.42441860465116277 0.5655172413793104 0.36046511627906974 0.5655172413793104 0.36046511627906974 0.6413793103448275 0.42441860465116277 0.6413793103448275 0.42441860465116277 0.5655172413793104
0 0.5872093023255814 0.5241379310344828 0.5406976744186046 0.5241379310344828 0.5406976744186046 0.5862068965517241 0.5872093023255814 0.5862068965517241 0.5872093023255814 0.5241379310344828
0 0.0872093023255814 0.020689655172413793 0.040697674418604654 0.020689655172413793 0.040697674418604654 0.0896551724137931 0.0872093023255814 0.0896551724137931 0.0872093023255814 0.020689655172413793
0 0.13372093023255813 0.5241379310344828 0.06976744186046512 0.5241379310344828 0.06976744186046512 0.5862068965517241 0.13372093023255813 0.5862068965517241 0.13372093023255813 0.5241379310344828
0 0.45348837209302323 0.1103448275862069 0.37790697674418605 0.1103448275862069 0.37790697674418605 0.16551724137931034 0.45348837209302323 0.16551724137931034 0.45348837209302323 0.1103448275862069
0 0.8662790697674418 0.9241379310344827 0.8081395348837209 0.9241379310344827 0.8081395348837209 0.9862068965517241 0.8662790697674418 0.9862068965517241 0.8662790697674418 0.9241379310344827
0 0.23255813953488372 0.9103448275862069 0.16279069767441862 0.9103448275862069 0.16279069767441862 0.9862068965517241 0.23255813953488372 0.9862068965517241 0.23255813953488372 0.9103448275862069
0 0.20348837209302326 0.22758620689655173 0.1569767441860465 0.22758620689655173 0.1569767441860465 0.30344827586206896 0.20348837209302326 0.30344827586206896 0.20348837209302326 0.22758620689655173
0 0.3081395348837209 0.6620689655172414 0.2441860465116279 0.6620689655172414 0.2441860465116279 0.7241379310344828 0.3081395348837209 0.7241379310344828 0.3081395348837209 0.6620689655172414
0 0.7906976744186046 0.06896551724137931 0.7441860465116279 0.06896551724137931 0.7441860465116279 0.14482758620689656 0.7906976744186046 0.14482758620689656 0.7906976744186046 0.06896551724137931
0 0.20348837209302326 0.3103448275862069 0.14534883720930233 0.3103448275862069 0.14534883720930233 0.38620689655172413 0.20348837209302326 0.38620689655172413 0.20348837209302326 0.3103448275862069
0 0.5 0.4 0.42441860465116277 0.4 0.42441860465116277 0.4689655172413793 0.5 0.4689655172413793 0.5 0.4
0 0.7151162790697675 0.3448275862068966 0.6627906976744186 0.3448275862068966 0.6627906976744186 0.4068965517241379 0.7151162790697675 0.4068965517241379 0.7151162790697675 0.3448275862068966
0 0.47093023255813954 0.9241379310344827 0.4069767441860465 0.9241379310344827 0.4069767441860465 0.9862068965517241 0.47093023255813954 0.9862068965517241 0.47093023255813954 0.9241379310344827
0 0.7441860465116279 0.9241379310344827 0.686046511627907 0.9241379310344827 0.686046511627907 0.9862068965517241 0.7441860465116279 0.9862068965517241 0.7441860465116279 0.9241379310344827
0 0.2616279069767442 0.2413793103448276 0.20348837209302326 0.2413793103448276 0.20348837209302326 0.30344827586206896 0.2616279069767442 0.30344827586206896 0.2616279069767442 0.2413793103448276
0 0.6569767441860465 0.2689655172413793 0.6162790697674418 0.2689655172413793 0.6162790697674418 0.3448275862068966 0.6569767441860465 0.3448275862068966 0.6569767441860465 0.2689655172413793
0 0.9941860465116279 0 0.9651162790697675 0 0.9651162790697675 0.04827586206896552 0.9941860465116279 0.04827586206896552 0.9941860465116279 0
0 0.7034883720930233 0.7724137931034483 0.6453488372093024 0.7724137931034483 0.6453488372093024 0.8482758620689655 0.7034883720930233 0.8482758620689655 0.7034883720930233 0.7724137931034483
0 0.9941860465116279 0.16551724137931034 0.9651162790697675 0.16551724137931034 0.9651162790697675 0.2206896551724138 0.9941860465116279 0.2206896551724138 0.9941860465116279 0.16551724137931034
0 0.7325581395348837 0 0.6744186046511628 0 0.6744186046511628 0.06206896551724138 0.7325581395348837 0.06206896551724138 0.7325581395348837 0
0 0.5116279069767442 0.8275862068965517 0.46511627906976744 0.8275862068965517 0.46511627906976744 0.8896551724137931 0.5116279069767442 0.8896551724137931 0.5116279069767442 0.8275862068965517
0 0.8837209302325582 0.7034482758620689 0.8197674418604651 0.7034482758620689 0.8197674418604651 0.7655172413793103 0.8837209302325582 0.7655172413793103 0.8837209302325582 0.7034482758620689
0 0.1569767441860465 0 0.0872093023255814 0 0.0872093023255814 0.06896551724137931 0.1569767441860465 0.06896551724137931 0.1569767441860465 0
0 0.8372093023255814 0.2206896551724138 0.7906976744186046 0.2206896551724138 0.7906976744186046 0.2896551724137931 0.8372093023255814 0.2896551724137931 0.8372093023255814 0.2206896551724138
0 0.8953488372093024 0.42758620689655175 0.8197674418604651 0.42758620689655175 0.8197674418604651 0.4896551724137931 0.8953488372093024 0.4896551724137931 0.8953488372093024 0.42758620689655175
0 0.9069767441860465 0.06896551724137931 0.8372093023255814 0.06896551724137931 0.8372093023255814 0.14482758620689656 0.9069767441860465 0.14482758620689656 0.9069767441860465 0.06896551724137931
0 0.42441860465116277 0.6689655172413793 0.36627906976744184 0.6689655172413793 0.36627906976744184 0.7448275862068966 0.42441860465116277 0.7448275862068966 0.42441860465116277 0.6689655172413793
0 0.3081395348837209 0.7448275862068966 0.23255813953488372 0.7448275862068966 0.23255813953488372 0.8068965517241379 0.3081395348837209 0.8068965517241379 0.3081395348837209 0.7448275862068966
0 0.12790697674418605 0.6620689655172414 0.06976744186046512 0.6620689655172414 0.06976744186046512 0.7241379310344828 0.12790697674418605 0.7241379310344828 0.12790697674418605 0.6620689655172414
0 0.25 0.4896551724137931 0.19186046511627908 0.4896551724137931 0.19186046511627908 0.5655172413793104 0.25 0.5655172413793104 0.25 0.4896551724137931
0 0.029069767441860465 0.5103448275862069 0 0.5103448275862069 0 0.5862068965517241 0.029069767441860465 0.5862068965517241 0.029069767441860465 0.5103448275862069
0 0.1744186046511628 0.7241379310344828 0.11627906976744186 0.7241379310344828 0.11627906976744186 0.8 0.1744186046511628 0.8 0.1744186046511628 0.7241379310344828
0 0.9651162790697675 0.06896551724137931 0.9069767441860465 0.06896551724137931 0.9069767441860465 0.14482758620689656 0.9651162790697675 0.14482758620689656 0.9651162790697675 0.06896551724137931
0 0.436046511627907 0.32413793103448274 0.36627906976744184 0.32413793103448274 0.36627906976744184 0.4 0.436046511627907 0.4 0.436046511627907 0.32413793103448274
0 0.18604651162790697 0.4482758620689655 0.13372093023255813 0.4482758620689655 0.13372093023255813 0.5103448275862069 0.18604651162790697 0.5103448275862069 0.18604651162790697 0.4482758620689655
0 0.9651162790697675 0 0.9069767441860465 0 0.9069767441860465 0.06206896551724138 0.9651162790697675 0.06206896551724138 0.9651162790697675 0
0 0.23255813953488372 0.8068965517241379 0.1744186046511628 0.8068965517241379 0.1744186046511628 0.8896551724137931 0.23255813953488372 0.8896551724137931 0.23255813953488372 0.8068965517241379
0 0.5232558139534884 0 0.46511627906976744 0 0.46511627906976744 0.041379310344827586 0.5232558139534884 0.041379310344827586 0.5232558139534884 0
0 0.37790697674418605 0.32413793103448274 0.31976744186046513 0.32413793103448274 0.31976744186046513 0.4 0.37790697674418605 0.4 0.37790697674418605 0.32413793103448274
0 0.7790697674418605 0.2689655172413793 0.7151162790697675 0.2689655172413793 0.7151162790697675 0.3448275862068966 0.7790697674418605 0.3448275862068966 0.7790697674418605 0.2689655172413793
0 0.9941860465116279 0.06896551724137931 0.9651162790697675 0.06896551724137931 0.9651162790697675 0.14482758620689656 0.9941860465116279 0.14482758620689656 0.9941860465116279 0.06896551724137931
0 0.37790697674418605 0.2482758620689655 0.31976744186046513 0.2482758620689655 0.31976744186046513 0.30344827586206896 0.37790697674418605 0.30344827586206896 0.37790697674418605 0.2482758620689655
0 0.5 0.20689655172413793 0.45348837209302323 0.20689655172413793 0.45348837209302323 0.2689655172413793 0.5 0.2689655172413793 0.5 0.20689655172413793
0 0.36046511627906974 0.8068965517241379 0.31976744186046513 0.8068965517241379 0.31976744186046513 0.8689655172413793 0.36046511627906974 0.8689655172413793 0.36046511627906974 0.8068965517241379
0 0.040697674418604654 0 0 0 0 0.04827586206896552 0.040697674418604654 0.04827586206896552 0.040697674418604654 0
0 0.8197674418604651 0.4413793103448276 0.7732558139534884 0.4413793103448276 0.7732558139534884 0.4896551724137931 0.8197674418604651 0.4896551724137931 0.8197674418604651 0.4413793103448276
0 0.25 0.6482758620689655 0.1744186046511628 0.6482758620689655 0.1744186046511628 0.7241379310344828 0.25 0.7241379310344828 0.25 0.6482758620689655
0 0.040697674418604654 0.6482758620689655 0 0.6482758620689655 0 0.7241379310344828 0.040697674418604654 0.7241379310344828 0.040697674418604654 0.6482758620689655
0 0.2441860465116279 0.7241379310344828 0.1744186046511628 0.7241379310344828 0.1744186046511628 0.8 0.2441860465116279 0.8 0.2441860465116279 0.7241379310344828
0 0.9127906976744186 0.9241379310344827 0.8662790697674418 0.9241379310344827 0.8662790697674418 0.9862068965517241 0.9127906976744186 0.9862068965517241 0.9127906976744186 0.9241379310344827
0 0.5813953488372093 0.8482758620689655 0.5290697674418605 0.8482758620689655 0.5290697674418605 0.903448275862069 0.5813953488372093 0.903448275862069 0.5813953488372093 0.8482758620689655