0 0.8074534161490683 0.21428571428571427 0.7515527950310559 0.21428571428571427 0.7515527950310559 0.2785714285714286 0.8074534161490683 0.2785714285714286 0.8074534161490683 0.21428571428571427
0 0.037267080745341616 0.8714285714285714 0 0.8714285714285714 0 0.9285714285714286 0.037267080745341616 0.9285714285714286 0.037267080745341616 0.8714285714285714
0 0.2111801242236025 0.7428571428571429 0.14906832298136646 0.7428571428571429 0.14906832298136646 0.8142857142857143 0.2111801242236025 0.8142857142857143 0.2111801242236025 0.7428571428571429
0 0.5527950310559007 0.8428571428571429 0.4782608695652174 0.8428571428571429 0.4782608695652174 0.9 0.5527950310559007 0.9 0.5527950310559007 0.8428571428571429
0 0.9751552795031055 0.2 0.906832298136646 0.2 0.906832298136646 0.2642857142857143 0.9751552795031055 0.2642857142857143 0.9751552795031055 0.2
0 0.5590062111801242 0.4714285714285714 0.515527950310559 0.4714285714285714 0.515527950310559 0.5214285714285715 0.5590062111801242 0.5214285714285715 0.5590062111801242 0.4714285714285714
0 0.7204968944099379 0.22142857142857142 0.6770186335403726 0.22142857142857142 0.6770186335403726 0.2714285714285714 0.7204968944099379 0.2714285714285714 0.7204968944099379 0.22142857142857142
0 0.5590062111801242 0.5214285714285715 0.5093167701863354 0.5214285714285715 0.5093167701863354 0.5714285714285714 0.5590062111801242 0.5714285714285714 0.5590062111801242 0.5214285714285715
0 0.7204968944099379 0.5142857142857142 0.6645962732919255 0.5142857142857142 0.6645962732919255 0.5785714285714286 0.7204968944099379 0.5785714285714286 0.7204968944099379 0.5142857142857142
0 0.037267080745341616 0.8 0 0.8 0 0.8714285714285714 0.037267080745341616 0.8714285714285714 0.037267080745341616 0.8
0 0.6273291925465838 0.5214285714285715 0.577639751552795 0.5214285714285715 0.577639751552795 0.5714285714285714 0.6273291925465838 0.5714285714285714 0.6273291925465838 0.5214285714285715
0 0.4658385093167702 0.6214285714285714 0.4161490683229814 0.6214285714285714 0.4161490683229814 0.6785714285714286 0.4658385093167702 0.6785714285714286 0.4658385093167702 0.6214285714285714
0 0.8881987577639752 0.29285714285714287 0.8385093167701864 0.29285714285714287 0.8385093167701864 0.34285714285714286 0.8881987577639752 0.34285714285714286 0.8881987577639752 0.29285714285714287
0 0.21739130434782608 0.11428571428571428 0.15527950310559005 0.11428571428571428 0.15527950310559005 0.17142857142857143 0.21739130434782608 0.17142857142857143 0.21739130434782608 0.11428571428571428
0 0.5527950310559007 0.5785714285714286 0.5093167701863354 0.5785714285714286 0.5093167701863354 0.6428571428571429 0.5527950310559007 0.6428571428571429 0.5527950310559007 0.5785714285714286
0 0.8944099378881988 0.44285714285714284 0.8322981366459627 0.44285714285714284 0.8322981366459627 0.5 0.8944099378881988 0.5 0.8944099378881988 0.44285714285714284
0 0.14285714285714285 0.22857142857142856 0.062111801242236024 0.22857142857142856 0.062111801242236024 0.3 0.14285714285714285 0.3 0.14285714285714285 0.22857142857142856
0 0.043478260869565216 0.9285714285714286 0 0.9285714285714286 0 0.9928571428571429 0.043478260869565216 0.9928571428571429 0.043478260869565216 0.9285714285714286
0 0.08074534161490683 0.8714285714285714 0.037267080745341616 0.8714285714285714 0.037267080745341616 0.9285714285714286 0.08074534161490683 0.9285714285714286 0.08074534161490683 0.8714285714285714
0 0.21739130434782608 0.85 0.15527950310559005 0.85 0.15527950310559005 0.9142857142857143 0.21739130434782608 0.9142857142857143 0.21739130434782608 0.85
0 0.8881987577639752 0.22142857142857142 0.8385093167701864 0.22142857142857142 0.8385093167701864 0.2785714285714286 0.8881987577639752 0.2785714285714286 0.8881987577639752 0.22142857142857142
0 0.11180124223602485 0.6428571428571429 0.06832298136645963 0.6428571428571429 0.06832298136645963 0.7142857142857143 0.11180124223602485 0.7142857142857143 0.11180124223602485 0.6428571428571429
0 0.6335403726708074 0.5714285714285714 0.577639751552795 0.5714285714285714 0.577639751552795 0.6285714285714286 0.6335403726708074 0.6285714285714286 0.6335403726708074 0.5714285714285714
0 0.13664596273291926 0.9428571428571428 0.06832298136645963 0.9428571428571428 0.06832298136645963 0.9928571428571429 0.13664596273291926 0.9928571428571429 0.13664596273291926 0.9428571428571428
0 0.22981366459627328 0 0.16770186335403728 0 0.16770186335403728 0.05 0.22981366459627328 0.05 0.22981366459627328 0
0 0.16770186335403728 0 0.13664596273291926 0 0.13664596273291926 0.05 0.16770186335403728 0.05 0.16770186335403728 0
0 0.08074534161490683 0.8142857142857143 0.037267080745341616 0.8142857142857143 0.037267080745341616 0.8714285714285714 0.08074534161490683 0.8714285714285714 0.08074534161490683 0.8142857142857143
0 0.8944099378881988 0.07142857142857142 0.8385093167701864 0.07142857142857142 0.8385093167701864 0.12142857142857143 0.8944099378881988 0.12142857142857143 0.8944099378881988 0.07142857142857142
0 0.2236024844720497 0.05 0.16770186335403728 0.05 0.16770186335403728 0.1 0.2236024844720497 0.1 0.2236024844720497 0.05
0 0.6211180124223602 0.9285714285714286 0.5652173913043478 0.9285714285714286 0.5652173913043478 0.9928571428571429 0.6211180124223602 0.9928571428571429 0.6211180124223602 0.9285714285714286
0 0.4720496894409938 0.21428571428571427 0.39751552795031053 0.21428571428571427 0.39751552795031053 0.2785714285714286 0.4720496894409938 0.2785714285714286 0.4720496894409938 0.21428571428571427
0 0.8198757763975155 0.12857142857142856 0.7453416149068323 0.12857142857142856 0.7453416149068323 0.2 0.8198757763975155 0.2 0.8198757763975155 0.12857142857142856
0 0.6459627329192547 0.6428571428571429 0.5714285714285714 0.6428571428571429 0.5714285714285714 0.7142857142857143 0.6459627329192547 0.7142857142857143 0.6459627329192547 0.6428571428571429
0 0.5590062111801242 0.7428571428571429 0.4658385093167702 0.7428571428571429 0.4658385093167702 0.8214285714285714 0.5590062111801242 0.8214285714285714 0.5590062111801242 0.7428571428571429
0 0.9937888198757764 0.45 0.9254658385093167 0.45 0.9254658385093167 0.5214285714285715 0.9937888198757764 0.5214285714285715 0.9937888198757764 0.45
0 0.8074534161490683 0.07142857142857142 0.7515527950310559 0.07142857142857142 0.7515527950310559 0.12142857142857143 0.8074534161490683 0.12142857142857143 0.8074534161490683 0.07142857142857142
0 0.639751552795031 0.4142857142857143 0.577639751552795 0.4142857142857143 0.577639751552795 0.4714285714285714 0.639751552795031 0.4714285714285714 0.639751552795031 0.4142857142857143
0 0.36645962732919257 0.6214285714285714 0.32298136645962733 0.6214285714285714 0.32298136645962733 0.6785714285714286 0.36645962732919257 0.6785714285714286 0.36645962732919257 0.6214285714285714
0 0.049689440993788817 0.17142857142857143 0 0.17142857142857143 0 0.22857142857142856 0.049689440993788817 0.22857142857142856 0.049689440993788817 0.17142857142857143
0 0.16770186335403728 0.06428571428571428 0.13664596273291926 0.06428571428571428 0.13664596273291926 0.11428571428571428 0.16770186335403728 0.11428571428571428 0.16770186335403728 0.06428571428571428
0 0.049689440993788817 0 0 0 0 0.07142857142857142 0.049689440993788817 0.07142857142857142 0.049689440993788817 0
0 0.9627329192546584 0.12142857142857143 0.9006211180124224 0.12142857142857143 0.9006211180124224 0.19285714285714287 0.9627329192546584 0.19285714285714287 0.9627329192546584 0.12142857142857143
0 0.7204968944099379 0.07142857142857142 0.6708074534161491 0.07142857142857142 0.6708074534161491 0.12142857142857143 0.7204968944099379 0.12142857142857143 0.7204968944099379 0.07142857142857142
0 0.7204968944099379 0.42142857142857143 0.6708074534161491 0.42142857142857143 0.6708074534161491 0.4928571428571429 0.7204968944099379 0.4928571428571429 0.7204968944099379 0.42142857142857143
0 0.9627329192546584 0.7214285714285714 0.8944099378881988 0.7214285714285714 0.8944099378881988 0.7928571428571428 0.9627329192546584 0.7928571428571428 0.9627329192546584 0.7214285714285714
0 0.5093167701863354 0.5785714285714286 0.4658385093167702 0.5785714285714286 0.4658385093167702 0.6285714285714286 0.5093167701863354 0.6285714285714286 0.5093167701863354 0.5785714285714286
0 0.8944099378881988 0.6 0.8385093167701864 0.6 0.8385093167701864 0.6428571428571429 0.8944099378881988 0.6428571428571429 0.8944099378881988 0.6
0 0.8944099378881988 0.34285714285714286 0.8385093167701864 0.34285714285714286 0.8385093167701864 0.4 0.8944099378881988 0.4 0.8944099378881988 0.34285714285714286
0 0.8944099378881988 0.5428571428571428 0.8385093167701864 0.5428571428571428 0.8385093167701864 0.6 0.8944099378881988 0.6 0.8944099378881988 0.5428571428571428
0 0.45962732919254656 0.5214285714285715 0.40993788819875776 0.5214285714285715 0.40993788819875776 0.5714285714285714 0.45962732919254656 0.5714285714285714 0.45962732919254656 0.5214285714285715
0 0.4161490683229814 0.5785714285714286 0.37267080745341613 0.5785714285714286 0.37267080745341613 0.6428571428571429 0.4161490683229814 0.6428571428571429 0.4161490683229814 0.5785714285714286
0 0.7701863354037267 0.6428571428571429 0.7018633540372671 0.6428571428571429 0.7018633540372671 0.7142857142857143 0.7701863354037267 0.7142857142857143 0.7701863354037267 0.6428571428571429
0 0.8944099378881988 0.12142857142857143 0.8385093167701864 0.12142857142857143 0.8385093167701864 0.17857142857142858 0.8944099378881988 0.17857142857142858 0.8944099378881988 0.12142857142857143
0 0.5093167701863354 0.4714285714285714 0.4658385093167702 0.4714285714285714 0.4658385093167702 0.5428571428571428 0.5093167701863354 0.5428571428571428 0.5093167701863354 0.4714285714285714
0 0.45962732919254656 0.9285714285714286 0.40993788819875776 0.9285714285714286 0.40993788819875776 0.9928571428571429 0.45962732919254656 0.9928571428571429 0.45962732919254656 0.9285714285714286
0 0.043478260869565216 0.24285714285714285 0 0.24285714285714285 0 0.3 0.043478260869565216 0.3 0.043478260869565216 0.24285714285714285
0 0.049689440993788817 0.32142857142857145 0 0.32142857142857145 0 0.39285714285714285 0.049689440993788817 0.39285714285714285 0.049689440993788817 0.32142857142857145
0 0.049689440993788817 0.5928571428571429 0 0.5928571428571429 0 0.6428571428571429 0.049689440993788817 0.6428571428571429 0.049689440993788817 0.5928571428571429
0 0.9627329192546584 0.07142857142857142 0.906832298136646 0.07142857142857142 0.906832298136646 0.12142857142857143 0.9627329192546584 0.12142857142857143 0.9627329192546584 0.07142857142857142
0 0.7204968944099379 0.5785714285714286 0.639751552795031 0.5785714285714286 0.639751552795031 0.6428571428571429 0.7204968944099379 0.6428571428571429 0.7204968944099379 0.5785714285714286
0 0.2919254658385093 0.6285714285714286 0.22981366459627328 0.6285714285714286 0.22981366459627328 0.6928571428571428 0.2919254658385093 0.6928571428571428 0.2919254658385093 0.6285714285714286
0 0.049689440993788817 0.65 0 0.65 0 0.7214285714285714 0.049689440993788817 0.7214285714285714 0.049689440993788817 0.65
0 0.37267080745341613 0.5214285714285715 0.3167701863354037 0.5214285714285715 0.3167701863354037 0.5714285714285714 0.37267080745341613 0.5714285714285714 0.37267080745341613 0.5214285714285715
0 0.5403726708074534 0.9428571428571428 0.484472049689441 0.9428571428571428 0.484472049689441 0.9928571428571429 0.5403726708074534 0.9928571428571429 0.5403726708074534 0.9428571428571428
0 0.049689440993788817 0.7285714285714285 0 0.7285714285714285 0 0.8 0.049689440993788817 0.8 0.049689440993788817 0.7285714285714285
0 0.7950310559006211 0.5714285714285714 0.7329192546583851 0.5714285714285714 0.7329192546583851 0.6428571428571429 0.7950310559006211 0.6428571428571429 0.7950310559006211 0.5714285714285714
0 0.049689440993788817 0.09285714285714286 0 0.09285714285714286 0 0.16428571428571428 0.049689440993788817 0.16428571428571428 0.049689440993788817 0.09285714285714286
0 0.9627329192546584 0.6 0.906832298136646 0.6 0.906832298136646 0.6642857142857143 0.9627329192546584 0.6642857142857143 0.9627329192546584 0.6
0 0.12422360248447205 0.1 0.06832298136645963 0.1 0.06832298136645963 0.17142857142857143 0.12422360248447205 0.17142857142857143 0.12422360248447205 0.1
0 0.7204968944099379 0.34285714285714286 0.6770186335403726 0.34285714285714286 0.6770186335403726 0.4 0.7204968944099379 0.4 0.7204968944099379 0.34285714285714286
0 0.30434782608695654 0.2 0.2236024844720497 0.2 0.2236024844720497 0.2714285714285714 0.30434782608695654 0.2714285714285714 0.30434782608695654 0.2
0 0.5652173913043478 0.39285714285714285 0.5031055900621118 0.39285714285714285 0.5031055900621118 0.4714285714285714 0.5652173913043478 0.4714285714285714 0.5652173913043478 0.39285714285714285
0 0.8944099378881988 0.014285714285714285 0.8260869565217391 0.014285714285714285 0.8260869565217391 0.07857142857142857 0.8944099378881988 0.07857142857142857 0.8944099378881988 0.014285714285714285
0 0.5714285714285714 0.32142857142857145 0.5031055900621118 0.32142857142857145 0.5031055900621118 0.37857142857142856 0.5714285714285714 0.37857142857142856 0.5714285714285714 0.32142857142857145
0 0.21739130434782608 0.6714285714285714 0.14906832298136646 0.6714285714285714 0.14906832298136646 0.7428571428571429 0.21739130434782608 0.7428571428571429 0.21739130434782608 0.6714285714285714
0 0.515527950310559 0.6285714285714286 0.4658385093167702 0.6285714285714286 0.4658385093167702 0.6928571428571428 0.515527950310559 0.6928571428571428 0.515527950310559 0.6285714285714286
0 0.12422360248447205 0.17142857142857143 0.06832298136645963 0.17142857142857143 0.06832298136645963 0.22857142857142856 0.12422360248447205 0.22857142857142856 0.12422360248447205 0.17142857142857143
0 0.9565217391304348 0.8214285714285714 0.8944099378881988 0.8214285714285714 0.8944099378881988 0.8928571428571429 0.9565217391304348 0.8928571428571429 0.9565217391304348 0.8214285714285714
0 0.7329192546583851 0.12857142857142856 0.6708074534161491 0.12857142857142856 0.6708074534161491 0.2 0.7329192546583851 0.2 0.7329192546583851 0.12857142857142856
0 0.9937888198757764 0.4 0.9254658385093167 0.4 0.9254658385093167 0.45 0.9937888198757764 0.45 0.9937888198757764 0.4
0 0.8198757763975155 0.02142857142857143 0.7329192546583851 0.02142857142857143 0.7329192546583851 0.07857142857142857 0.8198757763975155 0.07857142857142857 0.8198757763975155 0.02142857142857143
0 0.453416149068323 0.75 0.37267080745341613 0.75 0.37267080745341613 0.8214285714285714 0.453416149068323 0.8214285714285714 0.453416149068323 0.75
0 0.30434782608695654 0 0.2422360248447205 0 0.2422360248447205 0.07142857142857142 0.30434782608695654 0.07142857142857142 0.30434782608695654 0
0 0.639751552795031 0.32142857142857145 0.5838509316770186 0.32142857142857145 0.5838509316770186 0.39285714285714285 0.639751552795031 0.39285714285714285 0.639751552795031 0.32142857142857145
0 0.8385093167701864 0.6428571428571429 0.7888198757763976 0.6428571428571429 0.7888198757763976 0.6928571428571428 0.8385093167701864 0.6928571428571428 0.8385093167701864 0.6428571428571429
0 0.40372670807453415 0.21428571428571427 0.3105590062111801 0.21428571428571427 0.3105590062111801 0.29285714285714287 0.40372670807453415 0.29285714285714287 0.40372670807453415 0.21428571428571427
0 0.11180124223602485 0 0.049689440993788817 0 0.049689440993788817 0.07142857142857142 0.11180124223602485 0.07142857142857142 0.11180124223602485 0
0 0.9937888198757764 0.8 0.9565217391304348 0.8 0.9565217391304348 0.8642857142857143 0.9937888198757764 0.8642857142857143 0.9937888198757764 0.8
0 0.7639751552795031 0.2785714285714286 0.7204968944099379 0.2785714285714286 0.7204968944099379 0.34285714285714286 0.7639751552795031 0.34285714285714286 0.7639751552795031 0.2785714285714286
0 0.8012422360248447 0.34285714285714286 0.7639751552795031 0.34285714285714286 0.7639751552795031 0.4 0.8012422360248447 0.4 0.8012422360248447 0.34285714285714286
0 0.36645962732919257 0.3142857142857143 0.3167701863354037 0.3142857142857143 0.3167701863354037 0.37857142857142856 0.36645962732919257 0.37857142857142856 0.36645962732919257 0.3142857142857143
0 0.7329192546583851 0 0.6708074534161491 0 0.6708074534161491 0.02857142857142857 0.7329192546583851 0.02857142857142857 0.7329192546583851 0
0 0.9937888198757764 0.2 0.9751552795031055 0.2 0.9751552795031055 0.25 0.9937888198757764 0.25 0.9937888198757764 0.2
0 0.30434782608695654 0.75 0.2111801242236025 0.75 0.2111801242236025 0.8214285714285714 0.30434782608695654 0.8214285714285714 0.30434782608695654 0.75
0 0.12422360248447205 0.5285714285714286 0.043478260869565216 0.5285714285714286 0.043478260869565216 0.6214285714285714 0.12422360248447205 0.6214285714285714 0.12422360248447205 0.5285714285714286
0 0.8881987577639752 0.7428571428571429 0.8198757763975155 0.7428571428571429 0.8198757763975155 0.8 0.8881987577639752 0.8 0.8881987577639752 0.7428571428571429
0 0.9565217391304348 0 0.906832298136646 0 0.906832298136646 0.02142857142857143 0.9565217391304348 0.02142857142857143 0.9565217391304348 0
0 0.32298136645962733 0.6285714285714286 0.2919254658385093 0.6285714285714286 0.2919254658385093 0.6928571428571428 0.32298136645962733 0.6928571428571428 0.32298136645962733 0.6285714285714286