0 0.6610169491525424 0 0.6101694915254238 0 0.6101694915254238 0.05333333333333334 0.6610169491525424 0.05333333333333334 0.6610169491525424 0
0 0.7401129943502824 0 0.672316384180791 0 0.672316384180791 0.05333333333333334 0.7401129943502824 0.05333333333333334 0.7401129943502824 0
0 0.8248587570621468 0 0.7401129943502824 0 0.7401129943502824 0.06666666666666667 0.8248587570621468 0.06666666666666667 0.8248587570621468 0
0 0.20903954802259886 0.8466666666666667 0.14689265536723164 0.8466666666666667 0.14689265536723164 0.9066666666666666 0.20903954802259886 0.9066666666666666 0.20903954802259886 0.8466666666666667
0 0.062146892655367235 0.5466666666666666 0.011299435028248588 0.5466666666666666 0.011299435028248588 0.6066666666666667 0.062146892655367235 0.6066666666666667 0.062146892655367235 0.5466666666666666
0 0.8248587570621468 0.31333333333333335 0.7457627118644068 0.31333333333333335 0.7457627118644068 0.38666666666666666 0.8248587570621468 0.38666666666666666 0.8248587570621468 0.31333333333333335
0 0.672316384180791 0.08666666666666667 0.6045197740112994 0.08666666666666667 0.6045197740112994 0.16666666666666666 0.672316384180791 0.16666666666666666 0.672316384180791 0.08666666666666667
0 0.5141242937853108 0.92 0.4576271186440678 0.92 0.4576271186440678 0.9866666666666667 0.5141242937853108 0.9866666666666667 0.5141242937853108 0.92
0 0.2824858757062147 0.9266666666666666 0.22598870056497175 0.9266666666666666 0.22598870056497175 0.9866666666666667 0.2824858757062147 0.9866666666666667 0.2824858757062147 0.9266666666666666
0 0.3672316384180791 0.7466666666666667 0.2994350282485876 0.7466666666666667 0.2994350282485876 0.8133333333333334 0.3672316384180791 0.8133333333333334 0.3672316384180791 0.7466666666666667
0 0.3615819209039548 0.24666666666666667 0.2994350282485876 0.24666666666666667 0.2994350282485876 0.30666666666666664 0.3615819209039548 0.30666666666666664 0.3615819209039548 0.24666666666666667
0 0.519774011299435 0.8266666666666667 0.4519774011299435 0.8266666666666667 0.4519774011299435 0.9066666666666666 0.519774011299435 0.9066666666666666 0.519774011299435 0.8266666666666667
0 0.9661016949152542 0.9066666666666666 0.903954802259887 0.9066666666666666 0.903954802259887 0.98 0.9661016949152542 0.98 0.9661016949152542 0.9066666666666666
0 0.4463276836158192 0.74 0.3672316384180791 0.74 0.3672316384180791 0.8066666666666666 0.4463276836158192 0.8066666666666666 0.4463276836158192 0.74
0 0.3728813559322034 0.66 0.288135593220339 0.66 0.288135593220339 0.7266666666666667 0.3728813559322034 0.7266666666666667 0.3728813559322034 0.66
0 0.6666666666666666 0.16666666666666666 0.6101694915254238 0.16666666666666666 0.6101694915254238 0.23333333333333334 0.6666666666666666 0.23333333333333334 0.6666666666666666 0.16666666666666666
0 0.9548022598870056 0 0.8983050847457628 0 0.8983050847457628 0.03333333333333333 0.9548022598870056 0.03333333333333333 0.9548022598870056 0
0 0.2937853107344633 0.5466666666666666 0.22033898305084745 0.5466666666666666 0.22033898305084745 0.62 0.2937853107344633 0.62 0.2937853107344633 0.5466666666666666
0 0.9661016949152542 0.04666666666666667 0.903954802259887 0.04666666666666667 0.903954802259887 0.11333333333333333 0.9661016949152542 0.11333333333333333 0.9661016949152542 0.04666666666666667
0 0.22598870056497175 0.54 0.14124293785310735 0.54 0.14124293785310735 0.6066666666666667 0.22598870056497175 0.6066666666666667 0.22598870056497175 0.54
0 0.8983050847457628 0 0.8531073446327684 0 0.8531073446327684 0.04666666666666667 0.8983050847457628 0.04666666666666667 0.8983050847457628 0
0 0.5254237288135594 0.4266666666666667 0.4406779661016949 0.4266666666666667 0.4406779661016949 0.5066666666666667 0.5254237288135594 0.5066666666666667 0.5254237288135594 0.4266666666666667
0 0.4576271186440678 0.006666666666666667 0.3615819209039548 0.006666666666666667 0.3615819209039548 0.08666666666666667 0.4576271186440678 0.08666666666666667 0.4576271186440678 0.006666666666666667
0 0.2937853107344633 0 0.23163841807909605 0 0.23163841807909605 0.06666666666666667 0.2937853107344633 0.06666666666666667 0.2937853107344633 0
0 0.3672316384180791 0 0.2994350282485876 0 0.2994350282485876 0.06666666666666667 0.3672316384180791 0.06666666666666667 0.3672316384180791 0
0 0.672316384180791 0.5466666666666666 0.6101694915254238 0.5466666666666666 0.6101694915254238 0.6066666666666667 0.672316384180791 0.6066666666666667 0.672316384180791 0.5466666666666666
0 0.3615819209039548 0.5666666666666667 0.2994350282485876 0.5666666666666667 0.2994350282485876 0.6266666666666667 0.3615819209039548 0.6266666666666667 0.3615819209039548 0.5666666666666667
0 0.519774011299435 0.54 0.4519774011299435 0.54 0.4519774011299435 0.62 0.519774011299435 0.62 0.519774011299435 0.54
0 0.5875706214689266 0.32666666666666666 0.5310734463276836 0.32666666666666666 0.5310734463276836 0.38666666666666666 0.5875706214689266 0.38666666666666666 0.5875706214689266 0.32666666666666666
0 0.3615819209039548 0.8133333333333334 0.2937853107344633 0.8133333333333334 0.2937853107344633 0.8866666666666667 0.3615819209039548 0.8866666666666667 0.3615819209039548 0.8133333333333334
0 0.2994350282485876 0.6266666666666667 0.23163841807909605 0.6266666666666667 0.23163841807909605 0.6933333333333334 0.2994350282485876 0.6933333333333334 0.2994350282485876 0.6266666666666667
0 0.15254237288135594 0.006666666666666667 0.05649717514124294 0.006666666666666667 0.05649717514124294 0.08666666666666667 0.15254237288135594 0.08666666666666667 0.15254237288135594 0.006666666666666667
0 0.14689265536723164 0.47333333333333333 0.096045197740113 0.47333333333333333 0.096045197740113 0.5266666666666666 0.14689265536723164 0.5266666666666666 0.14689265536723164 0.47333333333333333
0 0.062146892655367235 0.006666666666666667 0 0.006666666666666667 0 0.08666666666666667 0.062146892655367235 0.08666666666666667 0.062146892655367235 0.006666666666666667
0 0.14124293785310735 0.3466666666666667 0.07344632768361582 0.3466666666666667 0.07344632768361582 0.4066666666666667 0.14124293785310735 0.4066666666666667 0.14124293785310735 0.3466666666666667
0 0.07344632768361582 0.62 0.005649717514124294 0.62 0.005649717514124294 0.6933333333333334 0.07344632768361582 0.6933333333333334 0.07344632768361582 0.62
0 0.3672316384180791 0.18666666666666668 0.3050847457627119 0.18666666666666668 0.3050847457627119 0.24666666666666667 0.3672316384180791 0.24666666666666667 0.3672316384180791 0.18666666666666668
0 0.2994350282485876 0.10666666666666667 0.21468926553672316 0.10666666666666667 0.21468926553672316 0.18666666666666668 0.2994350282485876 0.18666666666666668 0.2994350282485876 0.10666666666666667
0 0.519774011299435 0.6333333333333333 0.4406779661016949 0.6333333333333333 0.4406779661016949 0.72 0.519774011299435 0.72 0.519774011299435 0.6333333333333333
0 0.8248587570621468 0.9266666666666666 0.7401129943502824 0.9266666666666666 0.7401129943502824 0.9866666666666667 0.8248587570621468 0.9866666666666667 0.8248587570621468 0.9266666666666666
0 0.13559322033898305 0.54 0.06779661016949153 0.54 0.06779661016949153 0.6066666666666667 0.13559322033898305 0.6066666666666667 0.13559322033898305 0.54
0 0.5141242937853108 0 0.4632768361581921 0 0.4632768361581921 0.06666666666666667 0.5141242937853108 0.06666666666666667 0.5141242937853108 0
0 0.6045197740112994 0.41333333333333333 0.5141242937853108 0.41333333333333333 0.5141242937853108 0.5 0.6045197740112994 0.5 0.6045197740112994 0.41333333333333333
0 0.288135593220339 0.4666666666666667 0.22598870056497175 0.4666666666666667 0.22598870056497175 0.5266666666666666 0.288135593220339 0.5266666666666666 0.288135593220339 0.4666666666666667
0 0.3672316384180791 0.11333333333333333 0.2994350282485876 0.11333333333333333 0.2994350282485876 0.18666666666666668 0.3672316384180791 0.18666666666666668 0.3672316384180791 0.11333333333333333
0 0.9717514124293786 0.18 0.9209039548022598 0.18 0.9209039548022598 0.24666666666666667 0.9717514124293786 0.24666666666666667 0.9717514124293786 0.18
0 0.23163841807909605 0.7666666666666667 0.13559322033898305 0.7666666666666667 0.13559322033898305 0.8333333333333334 0.23163841807909605 0.8333333333333334 0.23163841807909605 0.7666666666666667
0 0.519774011299435 0.7466666666666667 0.4576271186440678 0.7466666666666667 0.4576271186440678 0.8133333333333334 0.519774011299435 0.8133333333333334 0.519774011299435 0.7466666666666667
0 0.14689265536723164 0.41333333333333333 0.096045197740113 0.41333333333333333 0.096045197740113 0.47333333333333333 0.14689265536723164 0.47333333333333333 0.14689265536723164 0.41333333333333333
0 0.8983050847457628 0.11333333333333333 0.8305084745762712 0.11333333333333333 0.8305084745762712 0.18 0.8983050847457628 0.18 0.8983050847457628 0.11333333333333333
0 0.6610169491525424 0.9466666666666667 0.6045197740112994 0.9466666666666667 0.6045197740112994 0.9866666666666667 0.6610169491525424 0.9866666666666667 0.6610169491525424 0.9466666666666667
0 0.8192090395480226 0.4 0.751412429378531 0.4 0.751412429378531 0.4666666666666667 0.8192090395480226 0.4666666666666667 0.8192090395480226 0.4
0 0.672316384180791 0.8466666666666667 0.5932203389830508 0.8466666666666667 0.5932203389830508 0.9066666666666666 0.672316384180791 0.9066666666666666 0.672316384180791 0.8466666666666667
0 0.07344632768361582 0.3466666666666667 0.005649717514124294 0.3466666666666667 0.005649717514124294 0.41333333333333333 0.07344632768361582 0.41333333333333333 0.07344632768361582 0.3466666666666667
0 0.2824858757062147 0.8466666666666667 0.20903954802259886 0.8466666666666667 0.20903954802259886 0.92 0.2824858757062147 0.92 0.2824858757062147 0.8466666666666667
0 0.23163841807909605 0.6333333333333333 0.15819209039548024 0.6333333333333333 0.15819209039548024 0.7066666666666667 0.23163841807909605 0.7066666666666667 0.23163841807909605 0.6333333333333333
0 0.5254237288135594 0.31333333333333335 0.4632768361581921 0.31333333333333335 0.4632768361581921 0.37333333333333335 0.5254237288135594 0.37333333333333335 0.5254237288135594 0.31333333333333335
0 0.4519774011299435 0.9466666666666667 0.3615819209039548 0.9466666666666667 0.3615819209039548 0.9866666666666667 0.4519774011299435 0.9866666666666667 0.4519774011299435 0.9466666666666667
0 0.7401129943502824 0.9466666666666667 0.672316384180791 0.9466666666666667 0.672316384180791 0.9866666666666667 0.7401129943502824 0.9866666666666667 0.7401129943502824 0.9466666666666667
0 0.8926553672316384 0.4 0.8361581920903954 0.4 0.8361581920903954 0.4666666666666667 0.8926553672316384 0.4666666666666667 0.8926553672316384 0.4
0 0.6045197740112994 0.9466666666666667 0.5423728813559322 0.9466666666666667 0.5423728813559322 0.9866666666666667 0.6045197740112994 0.9866666666666667 0.6045197740112994 0.9466666666666667
0 0.8983050847457628 0.04666666666666667 0.847457627118644 0.04666666666666667 0.847457627118644 0.11333333333333333 0.8983050847457628 0.11333333333333333 0.8983050847457628 0.04666666666666667
0 0.5932203389830508 0.8333333333333334 0.5141242937853108 0.8333333333333334 0.5141242937853108 0.9066666666666666 0.5932203389830508 0.9066666666666666 0.5932203389830508 0.8333333333333334
0 0.9661016949152542 0.31333333333333335 0.903954802259887 0.31333333333333335 0.903954802259887 0.38666666666666666 0.9661016949152542 0.38666666666666666 0.9661016949152542 0.31333333333333335
0 0.8983050847457628 0.31333333333333335 0.8248587570621468 0.31333333333333335 0.8248587570621468 0.38666666666666666 0.8983050847457628 0.38666666666666666 0.8983050847457628 0.31333333333333335
0 0.5932203389830508 0.6466666666666666 0.5141242937853108 0.6466666666666666 0.5141242937853108 0.72 0.5932203389830508 0.72 0.5932203389830508 0.6466666666666666
0 0.7288135593220338 0.4866666666666667 0.6779661016949152 0.4866666666666667 0.6779661016949152 0.5466666666666666 0.7288135593220338 0.5466666666666666 0.7288135593220338 0.4866666666666667
0 0.6666666666666666 0.26666666666666666 0.6045197740112994 0.26666666666666666 0.6045197740112994 0.34 0.6666666666666666 0.34 0.6666666666666666 0.26666666666666666
0 0.05649717514124294 0.08666666666666667 0 0.08666666666666667 0 0.14666666666666667 0.05649717514124294 0.14666666666666667 0.05649717514124294 0.08666666666666667
0 0.22598870056497175 0.21333333333333335 0.15819209039548024 0.21333333333333335 0.15819209039548024 0.2866666666666667 0.22598870056497175 0.2866666666666667 0.22598870056497175 0.21333333333333335
0 0.3446327683615819 0.9266666666666666 0.288135593220339 0.9266666666666666 0.288135593220339 0.9866666666666667 0.3446327683615819 0.9866666666666667 0.3446327683615819 0.9266666666666666
0 0.2994350282485876 0.31333333333333335 0.21468926553672316 0.31333333333333335 0.21468926553672316 0.4 0.2994350282485876 0.4 0.2994350282485876 0.31333333333333335
0 0.6045197740112994 0 0.5141242937853108 0 0.5141242937853108 0.06666666666666667 0.6045197740112994 0.06666666666666667 0.6045197740112994 0
0 0.14689265536723164 0.8266666666666667 0.06779661016949153 0.8266666666666667 0.06779661016949153 0.8933333333333333 0.14689265536723164 0.8933333333333333 0.14689265536723164 0.8266666666666667
0 0.5819209039548022 0.7266666666666667 0.5141242937853108 0.7266666666666667 0.5141242937853108 0.8 0.5819209039548022 0.8 0.5819209039548022 0.7266666666666667
0 0.672316384180791 0.72 0.5932203389830508 0.72 0.5932203389830508 0.8 0.672316384180791 0.8 0.672316384180791 0.72
0 0.22598870056497175 0.92 0.12994350282485875 0.92 0.12994350282485875 0.9866666666666667 0.22598870056497175 0.9866666666666667 0.22598870056497175 0.92
0 0.8983050847457628 0.74 0.8531073446327684 0.74 0.8531073446327684 0.8 0.8983050847457628 0.8 0.8983050847457628 0.74
0 0.8192090395480226 0.8 0.7457627118644068 0.8 0.7457627118644068 0.8666666666666667 0.8192090395480226 0.8666666666666667 0.8192090395480226 0.8
0 0.9661016949152542 0.72 0.8983050847457628 0.72 0.8983050847457628 0.7866666666666666 0.9661016949152542 0.7866666666666666 0.9661016949152542 0.72