0 0.9927797833935018 0.7033898305084746 0.9386281588447654 0.7033898305084746 0.9386281588447654 0.7542372881355932 0.9927797833935018 0.7542372881355932 0.9927797833935018 0.7033898305084746
0 0.2924187725631769 0.5508474576271186 0.23104693140794225 0.5508474576271186 0.23104693140794225 0.614406779661017 0.2924187725631769 0.614406779661017 0.2924187725631769 0.5508474576271186
0 0.4332129963898917 0.24152542372881355 0.37545126353790614 0.24152542372881355 0.37545126353790614 0.3008474576271186 0.4332129963898917 0.3008474576271186 0.4332129963898917 0.24152542372881355
0 0.08664259927797834 0.9279661016949152 0.02527075812274368 0.9279661016949152 0.02527075812274368 0.9915254237288136 0.08664259927797834 0.9915254237288136 0.08664259927797834 0.9279661016949152
0 0.7833935018050542 0.3771186440677966 0.7292418772563177 0.3771186440677966 0.7292418772563177 0.4406779661016949 0.7833935018050542 0.4406779661016949 0.7833935018050542 0.3771186440677966
0 0.9386281588447654 0 0.8736462093862816 0 0.8736462093862816 0.05508474576271186 0.9386281588447654 0.05508474576271186 0.9386281588447654 0
0 0.49097472924187724 0.6313559322033898 0.4332129963898917 0.6313559322033898 0.4332129963898917 0.6822033898305084 0.49097472924187724 0.6822033898305084 0.49097472924187724 0.6313559322033898
0 0.5812274368231047 0.1483050847457627 0.5234657039711191 0.1483050847457627 0.5234657039711191 0.2076271186440678 0.5812274368231047 0.2076271186440678 0.5812274368231047 0.1483050847457627
0 0.36462093862815886 0.3220338983050847 0.3140794223826715 0.3220338983050847 0.3140794223826715 0.3855932203389831 0.36462093862815886 0.3855932203389831 0.36462093862815886 0.3220338983050847
0 0.08303249097472924 0.24152542372881355 0.02888086642599278 0.24152542372881355 0.02888086642599278 0.3050847457627119 0.08303249097472924 0.3050847457627119 0.08303249097472924 0.24152542372881355
0 0.927797833935018 0.864406779661017 0.8592057761732852 0.864406779661017 0.8592057761732852 0.9279661016949152 0.927797833935018 0.9279661016949152 0.927797833935018 0.864406779661017
0 0.23104693140794225 0.00423728813559322 0.17689530685920576 0.00423728813559322 0.17689530685920576 0.0635593220338983 0.23104693140794225 0.0635593220338983 0.23104693140794225 0.00423728813559322
0 0.20938628158844766 0.6313559322033898 0.15162454873646208 0.6313559322033898 0.15162454873646208 0.6822033898305084 0.20938628158844766 0.6822033898305084 0.20938628158844766 0.6313559322033898
0 0.5740072202166066 0.538135593220339 0.5126353790613718 0.538135593220339 0.5126353790613718 0.6016949152542372 0.5740072202166066 0.6016949152542372 0.5740072202166066 0.538135593220339
0 0.7833935018050542 0.3050847457627119 0.7328519855595668 0.3050847457627119 0.7328519855595668 0.3601694915254237 0.7833935018050542 0.3601694915254237 0.7833935018050542 0.3050847457627119
0 0.36101083032490977 0.6271186440677966 0.30324909747292417 0.6271186440677966 0.30324909747292417 0.6822033898305084 0.36101083032490977 0.6822033898305084 0.36101083032490977 0.6271186440677966
0 0.4332129963898917 0.7245762711864406 0.38267148014440433 0.7245762711864406 0.38267148014440433 0.7838983050847458 0.4332129963898917 0.7838983050847458 0.4332129963898917 0.7245762711864406
0 0.9927797833935018 0.4533898305084746 0.9350180505415162 0.4533898305084746 0.9350180505415162 0.5211864406779662 0.9927797833935018 0.5211864406779662 0.9927797833935018 0.4533898305084746
0 0.6462093862815884 0.3050847457627119 0.592057761732852 0.3050847457627119 0.592057761732852 0.3516949152542373 0.6462093862815884 0.3516949152542373 0.6462093862815884 0.3050847457627119
0 0.8700361010830325 0 0.8086642599277978 0 0.8086642599277978 0.05084745762711865 0.8700361010830325 0.05084745762711865 0.8700361010830325 0
0 0.7870036101083032 0.4533898305084746 0.7328519855595668 0.4533898305084746 0.7328519855595668 0.5211864406779662 0.7870036101083032 0.5211864406779662 0.7870036101083032 0.4533898305084746
0 0.5126353790613718 0 0.44765342960288806 0 0.44765342960288806 0.05084745762711865 0.5126353790613718 0.05084745762711865 0.5126353790613718 0
0 0.7256317689530686 0.2923728813559322 0.6714801444043321 0.2923728813559322 0.6714801444043321 0.3601694915254237 0.7256317689530686 0.3601694915254237 0.7256317689530686 0.2923728813559322
0 0.6462093862815884 0.3983050847457627 0.5848375451263538 0.3983050847457627 0.5848375451263538 0.461864406779661 0.6462093862815884 0.461864406779661 0.6462093862815884 0.3983050847457627
0 0.9927797833935018 0.8050847457627118 0.9386281588447654 0.8050847457627118 0.9386281588447654 0.8516949152542372 0.9927797833935018 0.8516949152542372 0.9927797833935018 0.8050847457627118
0 0.703971119133574 0.7245762711864406 0.6570397111913358 0.7245762711864406 0.6570397111913358 0.7838983050847458 0.703971119133574 0.7838983050847458 0.703971119133574 0.7245762711864406
0 0.48014440433212996 0.788135593220339 0.4296028880866426 0.788135593220339 0.4296028880866426 0.864406779661017 0.48014440433212996 0.864406779661017 0.48014440433212996 0.788135593220339
0 0.4296028880866426 0.3177966101694915 0.37184115523465705 0.3177966101694915 0.37184115523465705 0.3855932203389831 0.4296028880866426 0.3855932203389831 0.4296028880866426 0.3177966101694915
0 0.6498194945848376 0.7754237288135594 0.5812274368231047 0.7754237288135594 0.5812274368231047 0.8389830508474576 0.6498194945848376 0.8389830508474576 0.6498194945848376 0.7754237288135594
0 0.7653429602888087 0.788135593220339 0.7111913357400722 0.788135593220339 0.7111913357400722 0.8516949152542372 0.7653429602888087 0.8516949152542372 0.7653429602888087 0.788135593220339
0 0.5884476534296029 0.22033898305084745 0.51985559566787 0.22033898305084745 0.51985559566787 0.2923728813559322 0.5884476534296029 0.2923728813559322 0.5884476534296029 0.22033898305084745
0 0.6462093862815884 0.8771186440677966 0.5740072202166066 0.8771186440677966 0.5740072202166066 0.940677966101695 0.6462093862815884 0.940677966101695 0.6462093862815884 0.8771186440677966
0 0.296028880866426 0.4745762711864407 0.23104693140794225 0.4745762711864407 0.23104693140794225 0.538135593220339 0.296028880866426 0.538135593220339 0.296028880866426 0.4745762711864407
0 0.703971119133574 0.7923728813559322 0.6534296028880866 0.7923728813559322 0.6534296028880866 0.847457627118644 0.703971119133574 0.847457627118644 0.703971119133574 0.7923728813559322
0 0.5740072202166066 0.4703389830508475 0.516245487364621 0.4703389830508475 0.516245487364621 0.5338983050847458 0.5740072202166066 0.5338983050847458 0.5740072202166066 0.4703389830508475
0 0.9927797833935018 0.6313559322033898 0.9386281588447654 0.6313559322033898 0.9386281588447654 0.6949152542372882 0.9927797833935018 0.6949152542372882 0.9927797833935018 0.6313559322033898
0 0.6498194945848376 0.1483050847457627 0.5884476534296029 0.1483050847457627 0.5884476534296029 0.2076271186440678 0.6498194945848376 0.2076271186440678 0.6498194945848376 0.1483050847457627
0 0.07942238267148015 0.6567796610169492 0.018050541516245487 0.6567796610169492 0.018050541516245487 0.7076271186440678 0.07942238267148015 0.7076271186440678 0.07942238267148015 0.6567796610169492
0 0.5776173285198556 0.3813559322033898 0.5126353790613718 0.3813559322033898 0.5126353790613718 0.4533898305084746 0.5776173285198556 0.4533898305084746 0.5776173285198556 0.3813559322033898
0 0.6498194945848376 0.2245762711864407 0.592057761732852 0.2245762711864407 0.592057761732852 0.2923728813559322 0.6498194945848376 0.2923728813559322 0.6498194945848376 0.2245762711864407
0 0.1444043321299639 0.3983050847457627 0.08664259927797834 0.3983050847457627 0.08664259927797834 0.461864406779661 0.1444043321299639 0.461864406779661 0.1444043321299639 0.3983050847457627
0 0.48736462093862815 0.7288135593220338 0.4368231046931408 0.7288135593220338 0.4368231046931408 0.7838983050847458 0.48736462093862815 0.7838983050847458 0.48736462093862815 0.7288135593220338
0 0.9927797833935018 0.7542372881355932 0.9458483754512635 0.7542372881355932 0.9458483754512635 0.8008474576271186 0.9927797833935018 0.8008474576271186 0.9927797833935018 0.7542372881355932
0 0.148014440433213 0.3220338983050847 0.08303249097472924 0.3220338983050847 0.08303249097472924 0.3940677966101695 0.148014440433213 0.3940677966101695 0.148014440433213 0.3220338983050847
0 0.4187725631768953 0.8940677966101694 0.36462093862815886 0.8940677966101694 0.36462093862815886 0.9576271186440678 0.4187725631768953 0.9576271186440678 0.4187725631768953 0.8940677966101694
0 0.8700361010830325 0.06779661016949153 0.8086642599277978 0.06779661016949153 0.8086642599277978 0.13559322033898305 0.8700361010830325 0.13559322033898305 0.8700361010830325 0.06779661016949153
0 0.4259927797833935 0.7923728813559322 0.36823104693140796 0.7923728813559322 0.36823104693140796 0.8601694915254238 0.4259927797833935 0.8601694915254238 0.4259927797833935 0.7923728813559322
0 0.296028880866426 0.3940677966101695 0.22743682310469315 0.3940677966101695 0.22743682310469315 0.461864406779661 0.296028880866426 0.461864406779661 0.296028880866426 0.3940677966101695
0 0.44404332129963897 0 0.36823104693140796 0 0.36823104693140796 0.06779661016949153 0.44404332129963897 0.06779661016949153 0.44404332129963897 0
0 0.21299638989169675 0.8008474576271186 0.148014440433213 0.8008474576271186 0.148014440433213 0.8601694915254238 0.21299638989169675 0.8601694915254238 0.21299638989169675 0.8008474576271186
0 0.7942238267148014 0.1483050847457627 0.7328519855595668 0.1483050847457627 0.7328519855595668 0.2076271186440678 0.7942238267148014 0.2076271186440678 0.7942238267148014 0.1483050847457627
0 0.5667870036101083 0.8813559322033898 0.5126353790613718 0.8813559322033898 0.5126353790613718 0.9449152542372882 0.5667870036101083 0.9449152542372882 0.5667870036101083 0.8813559322033898
0 0.6389891696750902 0.4745762711864407 0.5776173285198556 0.4745762711864407 0.5776173285198556 0.538135593220339 0.6389891696750902 0.538135593220339 0.6389891696750902 0.4745762711864407
0 0.09386281588447654 0.08898305084745763 0.036101083032490974 0.08898305084745763 0.036101083032490974 0.16101694915254236 0.09386281588447654 0.16101694915254236 0.09386281588447654 0.08898305084745763
0 0.9963898916967509 0.3771186440677966 0.9458483754512635 0.3771186440677966 0.9458483754512635 0.4406779661016949 0.9963898916967509 0.4406779661016949 0.9963898916967509 0.3771186440677966
0 0.6462093862815884 0.6186440677966102 0.5776173285198556 0.6186440677966102 0.5776173285198556 0.6779661016949152 0.6462093862815884 0.6779661016949152 0.6462093862815884 0.6186440677966102
0 0.4296028880866426 0.08898305084745763 0.36823104693140796 0.08898305084745763 0.36823104693140796 0.15677966101694915 0.4296028880866426 0.15677966101694915 0.4296028880866426 0.08898305084745763
0 0.6498194945848376 0.538135593220339 0.5776173285198556 0.538135593220339 0.5776173285198556 0.614406779661017 0.6498194945848376 0.614406779661017 0.6498194945848376 0.538135593220339
0 0.36462093862815886 0.5508474576271186 0.2996389891696751 0.5508474576271186 0.2996389891696751 0.6186440677966102 0.36462093862815886 0.6186440677966102 0.36462093862815886 0.5508474576271186
0 0.7256317689530686 0.4449152542372881 0.6714801444043321 0.4449152542372881 0.6714801444043321 0.5084745762711864 0.7256317689530686 0.5084745762711864 0.7256317689530686 0.4449152542372881
0 0.927797833935018 0.4576271186440678 0.8664259927797834 0.4576271186440678 0.8664259927797834 0.5211864406779662 0.927797833935018 0.5211864406779662 0.927797833935018 0.4576271186440678
0 0.1552346570397112 0.16101694915254236 0.09747292418772563 0.16101694915254236 0.09747292418772563 0.22033898305084745 0.1552346570397112 0.22033898305084745 0.1552346570397112 0.16101694915254236
0 0.9963898916967509 0.864406779661017 0.9386281588447654 0.864406779661017 0.9386281588447654 0.9322033898305084 0.9963898916967509 0.9322033898305084 0.9963898916967509 0.864406779661017
0 0.1444043321299639 0.4703389830508475 0.07581227436823104 0.4703389830508475 0.07581227436823104 0.5254237288135594 0.1444043321299639 0.5254237288135594 0.1444043321299639 0.4703389830508475
0 0.8014440433212996 0 0.740072202166065 0 0.740072202166065 0.05508474576271186 0.8014440433212996 0.05508474576271186 0.8014440433212996 0
0 0.7653429602888087 0.9449152542372882 0.7111913357400722 0.9449152542372882 0.7111913357400722 0.9915254237288136 0.7653429602888087 0.9915254237288136 0.7653429602888087 0.9449152542372882
0 0.927797833935018 0.8050847457627118 0.8736462093862816 0.8050847457627118 0.8736462093862816 0.8516949152542372 0.927797833935018 0.8516949152542372 0.927797833935018 0.8050847457627118
0 0.17328519855595667 0.0847457627118644 0.09386281588447654 0.0847457627118644 0.09386281588447654 0.15677966101694915 0.17328519855595667 0.15677966101694915 0.17328519855595667 0.0847457627118644
0 0.22382671480144403 0.4703389830508475 0.1624548736462094 0.4703389830508475 0.1624548736462094 0.538135593220339 0.22382671480144403 0.538135593220339 0.22382671480144403 0.4703389830508475
0 0.6498194945848376 0.07203389830508475 0.5884476534296029 0.07203389830508475 0.5884476534296029 0.1440677966101695 0.6498194945848376 0.1440677966101695 0.6498194945848376 0.07203389830508475
0 0.5776173285198556 0.3008474576271186 0.5126353790613718 0.3008474576271186 0.5126353790613718 0.3686440677966102 0.5776173285198556 0.3686440677966102 0.5776173285198556 0.3008474576271186
0 0.8592057761732852 0.864406779661017 0.7617328519855595 0.864406779661017 0.7617328519855595 0.9449152542372882 0.8592057761732852 0.9449152542372882 0.8592057761732852 0.864406779661017
0 0.7256317689530686 0.3644067796610169 0.6678700361010831 0.3644067796610169 0.6678700361010831 0.4322033898305085 0.7256317689530686 0.4322033898305085 0.7256317689530686 0.3644067796610169
0 0.776173285198556 0.6313559322033898 0.7184115523465704 0.6313559322033898 0.7184115523465704 0.6949152542372882 0.776173285198556 0.6949152542372882 0.776173285198556 0.6313559322033898
0 0.49458483754512633 0.8771186440677966 0.4259927797833935 0.8771186440677966 0.4259927797833935 0.9449152542372882 0.49458483754512633 0.9449152542372882 0.49458483754512633 0.8771186440677966
0 0.49458483754512633 0.5677966101694916 0.4259927797833935 0.5677966101694916 0.4259927797833935 0.6313559322033898 0.49458483754512633 0.6313559322033898 0.49458483754512633 0.5677966101694916
0 0.07581227436823104 0.3177966101694915 0.02888086642599278 0.3177966101694915 0.02888086642599278 0.3813559322033898 0.07581227436823104 0.3813559322033898 0.07581227436823104 0.3177966101694915
0 0.6534296028880866 0 0.5848375451263538 0 0.5848375451263538 0.06779661016949153 0.6534296028880866 0.06779661016949153 0.6534296028880866 0
0 0.5018050541516246 0.3008474576271186 0.4404332129963899 0.3008474576271186 0.4404332129963899 0.3686440677966102 0.5018050541516246 0.3686440677966102 0.5018050541516246 0.3008474576271186
0 0.35379061371841153 0.8983050847457628 0.2996389891696751 0.8983050847457628 0.2996389891696751 0.961864406779661 0.35379061371841153 0.961864406779661 0.35379061371841153 0.8983050847457628
0 0.7220216606498195 0.614406779661017 0.6462093862815884 0.614406779661017 0.6462093862815884 0.6822033898305084 0.7220216606498195 0.6822033898305084 0.7220216606498195 0.614406779661017
0 0.1552346570397112 0.00423728813559322 0.10830324909747292 0.00423728813559322 0.10830324909747292 0.06779661016949153 0.1552346570397112 0.06779661016949153 0.1552346570397112 0.00423728813559322
0 0.6425992779783394 0.9449152542372882 0.5740072202166066 0.9449152542372882 0.5740072202166066 0.9915254237288136 0.6425992779783394 0.9915254237288136 0.6425992779783394 0.9449152542372882
0 0.5812274368231047 0.06779661016949153 0.5234657039711191 0.06779661016949153 0.5234657039711191 0.13135593220338984 0.5812274368231047 0.13135593220338984 0.5812274368231047 0.06779661016949153
0 0.9422382671480144 0.08050847457627118 0.8736462093862816 0.08050847457627118 0.8736462093862816 0.1440677966101695 0.9422382671480144 0.1440677966101695 0.9422382671480144 0.08050847457627118
0 0.5018050541516246 0.15677966101694915 0.44765342960288806 0.15677966101694915 0.44765342960288806 0.211864406779661 0.5018050541516246 0.211864406779661 0.5018050541516246 0.15677966101694915
0 0.6498194945848376 0.7033898305084746 0.5776173285198556 0.7033898305084746 0.5776173285198556 0.7711864406779662 0.6498194945848376 0.7711864406779662 0.6498194945848376 0.7033898305084746
0 0.08664259927797834 0.8305084745762712 0.021660649819494584 0.8305084745762712 0.021660649819494584 0.8983050847457628 0.08664259927797834 0.8983050847457628 0.08664259927797834 0.8305084745762712
0 0.927797833935018 0.5423728813559322 0.855595667870036 0.5423728813559322 0.855595667870036 0.614406779661017 0.927797833935018 0.614406779661017 0.927797833935018 0.5423728813559322
0 0.4259927797833935 0.6313559322033898 0.36823104693140796 0.6313559322033898 0.36823104693140796 0.6949152542372882 0.4259927797833935 0.6949152542372882 0.4259927797833935 0.6313559322033898
0 0.9314079422382672 0.2245762711864407 0.8736462093862816 0.2245762711864407 0.8736462093862816 0.288135593220339 0.9314079422382672 0.288135593220339 0.9314079422382672 0.2245762711864407
0 0.20577617328519857 0.6949152542372882 0.1588447653429603 0.6949152542372882 0.1588447653429603 0.7542372881355932 0.20577617328519857 0.7542372881355932 0.20577617328519857 0.6949152542372882
0 0.5631768953068592 0.9449152542372882 0.5054151624548736 0.9449152542372882 0.5054151624548736 0.9915254237288136 0.5631768953068592 0.9915254237288136 0.5631768953068592 0.9449152542372882
0 0.7725631768953068 0.711864406779661 0.7111913357400722 0.711864406779661 0.7111913357400722 0.7838983050847458 0.7725631768953068 0.7838983050847458 0.7725631768953068 0.711864406779661
0 0.851985559566787 0.5423728813559322 0.7906137184115524 0.5423728813559322 0.7906137184115524 0.6101694915254238 0.851985559566787 0.6101694915254238 0.851985559566787 0.5423728813559322
0 0.855595667870036 0.3813559322033898 0.7942238267148014 0.3813559322033898 0.7942238267148014 0.4449152542372881 0.855595667870036 0.4449152542372881 0.855595667870036 0.3813559322033898
0 0.20938628158844766 0.8601694915254238 0.1552346570397112 0.8601694915254238 0.1552346570397112 0.9152542372881356 0.20938628158844766 0.9152542372881356 0.20938628158844766 0.8601694915254238
0 0.2779783393501805 0.7754237288135594 0.23104693140794225 0.7754237288135594 0.23104693140794225 0.8305084745762712 0.2779783393501805 0.8305084745762712 0.2779783393501805 0.7754237288135594
0 0.296028880866426 0.00423728813559322 0.23826714801444043 0.00423728813559322 0.23826714801444043 0.0635593220338983 0.296028880866426 0.0635593220338983 0.296028880866426 0.00423728813559322
0 0.7292418772563177 0.22033898305084745 0.6750902527075813 0.22033898305084745 0.6750902527075813 0.288135593220339 0.7292418772563177 0.288135593220339 0.7292418772563177 0.22033898305084745
0 0.927797833935018 0.9322033898305084 0.8628158844765343 0.9322033898305084 0.8628158844765343 0.9915254237288136 0.927797833935018 0.9915254237288136 0.927797833935018 0.9322033898305084
0 0.36462093862815886 0.4703389830508475 0.30324909747292417 0.4703389830508475 0.30324909747292417 0.538135593220339 0.36462093862815886 0.538135593220339 0.36462093862815886 0.4703389830508475
0 0.8664259927797834 0.3177966101694915 0.7906137184115524 0.3177966101694915 0.7906137184115524 0.3813559322033898 0.8664259927797834 0.3813559322033898 0.8664259927797834 0.3177966101694915
0 0.2815884476534296 0.8305084745762712 0.22382671480144403 0.8305084745762712 0.22382671480144403 0.8940677966101694 0.2815884476534296 0.8940677966101694 0.2815884476534296 0.8305084745762712
0 0.36823104693140796 0.3983050847457627 0.3140794223826715 0.3983050847457627 0.3140794223826715 0.461864406779661 0.36823104693140796 0.461864406779661 0.36823104693140796 0.3983050847457627
0 0.21299638989169675 0.9279661016949152 0.148014440433213 0.9279661016949152 0.148014440433213 0.9915254237288136 0.21299638989169675 0.9915254237288136 0.21299638989169675 0.9279661016949152
0 0.07220216606498195 0.597457627118644 0.010830324909747292 0.597457627118644 0.010830324909747292 0.6483050847457628 0.07220216606498195 0.6483050847457628 0.07220216606498195 0.597457627118644
0 0.5667870036101083 0.7923728813559322 0.49458483754512633 0.7923728813559322 0.49458483754512633 0.8516949152542372 0.5667870036101083 0.8516949152542372 0.5667870036101083 0.7923728813559322
0 0.1444043321299639 0.8347457627118644 0.09025270758122744 0.8347457627118644 0.09025270758122744 0.8983050847457628 0.1444043321299639 0.8983050847457628 0.1444043321299639 0.8347457627118644
0 0.703971119133574 0.8771186440677966 0.6462093862815884 0.8771186440677966 0.6462093862815884 0.940677966101695 0.703971119133574 0.940677966101695 0.703971119133574 0.8771186440677966
0 0.9061371841155235 0.6271186440677966 0.8592057761732852 0.6271186440677966 0.8592057761732852 0.690677966101695 0.9061371841155235 0.690677966101695 0.9061371841155235 0.6271186440677966
0 0.5812274368231047 0.614406779661017 0.49458483754512633 0.614406779661017 0.49458483754512633 0.6949152542372882 0.5812274368231047 0.6949152542372882 0.5812274368231047 0.614406779661017
0 0.779783393501805 0.538135593220339 0.7292418772563177 0.538135593220339 0.7292418772563177 0.6101694915254238 0.779783393501805 0.6101694915254238 0.779783393501805 0.538135593220339
0 0.4368231046931408 0.15677966101694915 0.37906137184115524 0.15677966101694915 0.37906137184115524 0.22033898305084745 0.4368231046931408 0.22033898305084745 0.4368231046931408 0.15677966101694915
0 0.1444043321299639 0.7754237288135594 0.09747292418772563 0.7754237288135594 0.09747292418772563 0.8305084745762712 0.1444043321299639 0.8305084745762712 0.1444043321299639 0.7754237288135594
0 0.5703971119133574 0.711864406779661 0.49097472924187724 0.711864406779661 0.49097472924187724 0.788135593220339 0.5703971119133574 0.788135593220339 0.5703971119133574 0.711864406779661
0 0.5018050541516246 0.4449152542372881 0.4332129963898917 0.4449152542372881 0.4332129963898917 0.5211864406779662 0.5018050541516246 0.5211864406779662 0.5018050541516246 0.4449152542372881
0 0.4296028880866426 0.3940677966101695 0.37545126353790614 0.3940677966101695 0.37545126353790614 0.4449152542372881 0.4296028880866426 0.4449152542372881 0.4296028880866426 0.3940677966101695
0 0.1444043321299639 0.5338983050847458 0.08303249097472924 0.5338983050847458 0.08303249097472924 0.5889830508474576 0.1444043321299639 0.5889830508474576 0.1444043321299639 0.5338983050847458
0 0.3574007220216607 0.8008474576271186 0.296028880866426 0.8008474576271186 0.296028880866426 0.8771186440677966 0.3574007220216607 0.8771186440677966 0.3574007220216607 0.8008474576271186
0 0.9963898916967509 0 0.9458483754512635 0 0.9458483754512635 0.0423728813559322 0.9963898916967509 0.0423728813559322 0.9963898916967509 0
0 0.927797833935018 0.6949152542372882 0.8592057761732852 0.6949152542372882 0.8592057761732852 0.7669491525423728 0.927797833935018 0.7669491525423728 0.927797833935018 0.6949152542372882
0 0.296028880866426 0.6186440677966102 0.22021660649819494 0.6186440677966102 0.22021660649819494 0.6949152542372882 0.296028880866426 0.6949152542372882 0.296028880866426 0.6186440677966102
0 0.5054151624548736 0.23728813559322035 0.4404332129963899 0.23728813559322035 0.4404332129963899 0.3008474576271186 0.5054151624548736 0.3008474576271186 0.5054151624548736 0.23728813559322035
0 0.8483754512635379 0.6949152542372882 0.7833935018050542 0.6949152542372882 0.7833935018050542 0.7669491525423728 0.8483754512635379 0.7669491525423728 0.8483754512635379 0.6949152542372882
0 0.36823104693140796 0 0.30324909747292417 0 0.30324909747292417 0.06779661016949153 0.36823104693140796 0.06779661016949153 0.36823104693140796 0
0 0.22382671480144403 0.5508474576271186 0.15162454873646208 0.5508474576271186 0.15162454873646208 0.6186440677966102 0.22382671480144403 0.6186440677966102 0.22382671480144403 0.5508474576271186
0 0.02527075812274368 0.16101694915254236 0 0.16101694915254236 0 0.211864406779661 0.02527075812274368 0.211864406779661 0.02527075812274368 0.16101694915254236
0 0.07581227436823104 0.7415254237288136 0.01444043321299639 0.7415254237288136 0.01444043321299639 0.8050847457627118 0.07581227436823104 0.8050847457627118 0.07581227436823104 0.7415254237288136
0 0.7003610108303249 0.9449152542372882 0.6498194945848376 0.9449152542372882 0.6498194945848376 0.9915254237288136 0.7003610108303249 0.9915254237288136 0.7003610108303249 0.9449152542372882
0 0.9205776173285198 0.3771186440677966 0.8628158844765343 0.3771186440677966 0.8628158844765343 0.4449152542372881 0.9205776173285198 0.4449152542372881 0.9205776173285198 0.3771186440677966
0 0.032490974729241874 0.09745762711864407 0 0.09745762711864407 0 0.16101694915254236 0.032490974729241874 0.16101694915254236 0.032490974729241874 0.09745762711864407
0 0.4259927797833935 0.5508474576271186 0.36823104693140796 0.5508474576271186 0.36823104693140796 0.6186440677966102 0.4259927797833935 0.6186440677966102 0.4259927797833935 0.5508474576271186
0 0.5740072202166066 0 0.51985559566787 0 0.51985559566787 0.0423728813559322 0.5740072202166066 0.0423728813559322 0.5740072202166066 0
0 0.7942238267148014 0.06779661016949153 0.7256317689530686 0.06779661016949153 0.7256317689530686 0.1483050847457627 0.7942238267148014 0.1483050847457627 0.7942238267148014 0.06779661016949153
0 0.7870036101083032 0.2245762711864407 0.740072202166065 0.2245762711864407 0.740072202166065 0.288135593220339 0.7870036101083032 0.288135593220339 0.7870036101083032 0.2245762711864407
0 0.2996389891696751 0.15677966101694915 0.2490974729241877 0.15677966101694915 0.2490974729241877 0.211864406779661 0.2996389891696751 0.211864406779661 0.2996389891696751 0.15677966101694915
0 0.1444043321299639 0.9279661016949152 0.09025270758122744 0.9279661016949152 0.09025270758122744 0.9915254237288136 0.1444043321299639 0.9915254237288136 0.1444043321299639 0.9279661016949152
0 0.7148014440433214 0.08050847457627118 0.6642599277978339 0.08050847457627118 0.6642599277978339 0.13559322033898305 0.7148014440433214 0.13559322033898305 0.7148014440433214 0.08050847457627118
0 0.15162454873646208 0.7033898305084746 0.09386281588447654 0.7033898305084746 0.09386281588447654 0.7711864406779662 0.15162454873646208 0.7711864406779662 0.15162454873646208 0.7033898305084746
0 0.855595667870036 0.4576271186440678 0.7942238267148014 0.4576271186440678 0.7942238267148014 0.5211864406779662 0.855595667870036 0.5211864406779662 0.855595667870036 0.4576271186440678
0 0.8483754512635379 0.9533898305084746 0.7689530685920578 0.9533898305084746 0.7689530685920578 0.9915254237288136 0.8483754512635379 0.9915254237288136 0.8483754512635379 0.9533898305084746
0 0.30324909747292417 0.3177966101694915 0.23104693140794225 0.3177966101694915 0.23104693140794225 0.3855932203389831 0.30324909747292417 0.3855932203389831 0.30324909747292417 0.3177966101694915
0 0.02888086642599278 0.24152542372881355 0 0.24152542372881355 0 0.3050847457627119 0.02888086642599278 0.3050847457627119 0.02888086642599278 0.24152542372881355
0 0.2815884476534296 0.7203389830508474 0.22743682310469315 0.7203389830508474 0.22743682310469315 0.7754237288135594 0.2815884476534296 0.7754237288135594 0.2815884476534296 0.7203389830508474
0 0.02888086642599278 0 0 0 0 0.025423728813559324 0.021660649819494584 0.025423728813559324 0.02888086642599278 0
0 0.51985559566787 0.06779661016949153 0.4368231046931408 0.06779661016949153 0.4368231046931408 0.1483050847457627 0.51985559566787 0.1483050847457627 0.51985559566787 0.06779661016949153
0 0.855595667870036 0.614406779661017 0.779783393501805 0.614406779661017 0.779783393501805 0.6949152542372882 0.855595667870036 0.6949152542372882 0.855595667870036 0.614406779661017
0 0.37184115523465705 0.17372881355932204 0.2996389891696751 0.17372881355932204 0.2996389891696751 0.25 0.37184115523465705 0.25 0.37184115523465705 0.17372881355932204
0 0.7111913357400722 0.00423728813559322 0.6570397111913358 0.00423728813559322 0.6570397111913358 0.07203389830508475 0.7111913357400722 0.07203389830508475 0.7111913357400722 0.00423728813559322
0 0.9963898916967509 0.1483050847457627 0.9386281588447654 0.1483050847457627 0.9386281588447654 0.2076271186440678 0.9963898916967509 0.2076271186440678 0.9963898916967509 0.1483050847457627
0 0.22382671480144403 0.3855932203389831 0.1552346570397112 0.3855932203389831 0.1552346570397112 0.461864406779661 0.22382671480144403 0.461864406779661 0.22382671480144403 0.3855932203389831
0 0.10469314079422383 0 0.039711191335740074 0 0.039711191335740074 0.06779661016949153 0.10469314079422383 0.06779661016949153 0.10469314079422383 0
0 0.9927797833935018 0.538135593220339 0.927797833935018 0.538135593220339 0.927797833935018 0.614406779661017 0.9927797833935018 0.614406779661017 0.9927797833935018 0.538135593220339
0 0.07220216606498195 0.5211864406779662 0.018050541516245487 0.5211864406779662 0.018050541516245487 0.5889830508474576 0.07220216606498195 0.5889830508474576 0.07220216606498195 0.5211864406779662
0 0.2996389891696751 0.2245762711864407 0.23826714801444043 0.2245762711864407 0.23826714801444043 0.288135593220339 0.2996389891696751 0.288135593220339 0.2996389891696751 0.2245762711864407
0 0.23104693140794225 0.1652542372881356 0.16967509025270758 0.1652542372881356 0.16967509025270758 0.24152542372881355 0.23104693140794225 0.24152542372881355 0.23104693140794225 0.1652542372881356
0 0.148014440433213 0.6440677966101694 0.09386281588447654 0.6440677966101694 0.09386281588447654 0.6949152542372882 0.148014440433213 0.6949152542372882 0.148014440433213 0.6440677966101694
0 0.36823104693140796 0.2542372881355932 0.3104693140794224 0.2542372881355932 0.3104693140794224 0.3177966101694915 0.36823104693140796 0.3177966101694915 0.36823104693140796 0.2542372881355932
0 0.9314079422382672 0.1440677966101695 0.8664259927797834 0.1440677966101695 0.8664259927797834 0.2076271186440678 0.9314079422382672 0.2076271186440678 0.9314079422382672 0.1440677966101695
0 0.7184115523465704 0.1483050847457627 0.6642599277978339 0.1483050847457627 0.6642599277978339 0.211864406779661 0.7184115523465704 0.211864406779661 0.7184115523465704 0.1483050847457627
0 0.48736462093862815 0.9533898305084746 0.4259927797833935 0.9533898305084746 0.4259927797833935 0.9915254237288136 0.48736462093862815 0.9915254237288136 0.48736462093862815 0.9533898305084746
0 0.9963898916967509 0.2923728813559322 0.9422382671480144 0.2923728813559322 0.9422382671480144 0.3644067796610169 0.9963898916967509 0.3644067796610169 0.9963898916967509 0.2923728813559322
0 0.36101083032490977 0.711864406779661 0.296028880866426 0.711864406779661 0.296028880866426 0.788135593220339 0.36101083032490977 0.788135593220339 0.36101083032490977 0.711864406779661
0 0.23104693140794225 0.3177966101694915 0.16967509025270758 0.3177966101694915 0.16967509025270758 0.3813559322033898 0.23104693140794225 0.3813559322033898 0.23104693140794225 0.3177966101694915
0 0.07942238267148015 0.16101694915254236 0.02888086642599278 0.16101694915254236 0.02888086642599278 0.22033898305084745 0.07942238267148015 0.22033898305084745 0.07942238267148015 0.16101694915254236
0 0.5054151624548736 0.3813559322033898 0.4368231046931408 0.3813559322033898 0.4368231046931408 0.4449152542372881 0.5054151624548736 0.4449152542372881 0.5054151624548736 0.3813559322033898
0 0.8664259927797834 0.1483050847457627 0.7978339350180506 0.1483050847457627 0.7978339350180506 0.2076271186440678 0.8664259927797834 0.2076271186440678 0.8664259927797834 0.1483050847457627
0 0.4259927797833935 0.4745762711864407 0.36823104693140796 0.4745762711864407 0.36823104693140796 0.538135593220339 0.4259927797833935 0.538135593220339 0.4259927797833935 0.4745762711864407
0 0.8592057761732852 0.8008474576271186 0.7870036101083032 0.8008474576271186 0.7870036101083032 0.8601694915254238 0.8592057761732852 0.8601694915254238 0.8592057761732852 0.8008474576271186
0 0.07581227436823104 0.4533898305084746 0.018050541516245487 0.4533898305084746 0.018050541516245487 0.5211864406779662 0.07581227436823104 0.5211864406779662 0.07581227436823104 0.4533898305084746
0 0.2851985559566787 0.8983050847457628 0.22743682310469315 0.8983050847457628 0.22743682310469315 0.9703389830508474 0.2851985559566787 0.9703389830508474 0.2851985559566787 0.8983050847457628
0 0.9963898916967509 0.9576271186440678 0.9422382671480144 0.9576271186440678 0.9422382671480144 0.9915254237288136 0.9963898916967509 0.9915254237288136 0.9963898916967509 0.9576271186440678
0 0.22743682310469315 0.25 0.1552346570397112 0.25 0.1552346570397112 0.3177966101694915 0.22743682310469315 0.3177966101694915 0.22743682310469315 0.25
0 0.032490974729241874 0.03389830508474576 0 0.03389830508474576 0 0.0847457627118644 0.032490974729241874 0.0847457627118644 0.032490974729241874 0.03389830508474576
0 0.15162454873646208 0.24152542372881355 0.08664259927797834 0.24152542372881355 0.08664259927797834 0.3177966101694915 0.15162454873646208 0.3177966101694915 0.15162454873646208 0.24152542372881355
0 0.3104693140794224 0.09745762711864407 0.24187725631768953 0.09745762711864407 0.24187725631768953 0.16101694915254236 0.3104693140794224 0.16101694915254236 0.3104693140794224 0.09745762711864407
0 0.7256317689530686 0.5254237288135594 0.6642599277978339 0.5254237288135594 0.6642599277978339 0.597457627118644 0.7256317689530686 0.597457627118644 0.7256317689530686 0.5254237288135594
0 0.9963898916967509 0.2288135593220339 0.9422382671480144 0.2288135593220339 0.9422382671480144 0.2923728813559322 0.9963898916967509 0.2923728813559322 0.9963898916967509 0.2288135593220339
0 0.23826714801444043 0.06779661016949153 0.16967509025270758 0.06779661016949153 0.16967509025270758 0.1483050847457627 0.23826714801444043 0.1483050847457627 0.23826714801444043 0.06779661016949153
0 0.4151624548736462 0.9576271186440678 0.36462093862815886 0.9576271186440678 0.36462093862815886 0.9915254237288136 0.4151624548736462 0.9915254237288136 0.4151624548736462 0.9576271186440678
0 0.35379061371841153 0.961864406779661 0.3104693140794224 0.961864406779661 0.3104693140794224 0.9915254237288136 0.35379061371841153 0.9915254237288136 0.35379061371841153 0.961864406779661
0 0.8736462093862816 0.2033898305084746 0.7942238267148014 0.2033898305084746 0.7942238267148014 0.2754237288135593 0.8736462093862816 0.2754237288135593 0.8736462093862816 0.2033898305084746