0 0.3380281690140845 0.75 0.2746478873239437 0.75 0.2746478873239437 0.8229166666666666 0.3380281690140845 0.8229166666666666 0.3380281690140845 0.75
0 0.6408450704225352 0.9166666666666666 0.5704225352112676 0.9166666666666666 0.5704225352112676 0.9791666666666666 0.6408450704225352 0.9791666666666666 0.6408450704225352 0.9166666666666666
0 0.24647887323943662 0.9479166666666666 0.18309859154929578 0.9479166666666666 0.18309859154929578 0.9791666666666666 0.24647887323943662 0.9791666666666666 0.24647887323943662 0.9479166666666666
0 0.5563380281690141 0.7604166666666666 0.49295774647887325 0.7604166666666666 0.49295774647887325 0.8229166666666666 0.5563380281690141 0.8229166666666666 0.5563380281690141 0.7604166666666666
0 0.5492957746478874 0.59375 0.5 0.59375 0.5 0.65625 0.5492957746478874 0.65625 0.5492957746478874 0.59375
0 0.24647887323943662 0.8854166666666666 0.1619718309859155 0.8854166666666666 0.1619718309859155 0.9479166666666666 0.24647887323943662 0.9479166666666666 0.24647887323943662 0.8854166666666666
0 0.035211267605633804 0 0 0 0 0.041666666666666664 0.035211267605633804 0.041666666666666664 0.035211267605633804 0
0 0.4859154929577465 0.78125 0.4295774647887324 0.78125 0.4295774647887324 0.8229166666666666 0.4859154929577465 0.8229166666666666 0.4859154929577465 0.78125
0 0.18309859154929578 0.6041666666666666 0.11971830985915492 0.6041666666666666 0.11971830985915492 0.6666666666666666 0.18309859154929578 0.6666666666666666 0.18309859154929578 0.6041666666666666
0 0.9366197183098591 0.3229166666666667 0.8802816901408451 0.3229166666666667 0.8802816901408451 0.3854166666666667 0.9366197183098591 0.3854166666666667 0.9366197183098591 0.3229166666666667
0 0.5563380281690141 0.6979166666666666 0.5 0.6979166666666666 0.5 0.7604166666666666 0.5563380281690141 0.7604166666666666 0.5563380281690141 0.6979166666666666
0 0.6267605633802817 0.8125 0.5633802816901409 0.8125 0.5633802816901409 0.8854166666666666 0.6267605633802817 0.8854166666666666 0.6267605633802817 0.8125
0 0.8732394366197183 0.78125 0.8098591549295775 0.78125 0.8098591549295775 0.8541666666666666 0.8732394366197183 0.8541666666666666 0.8732394366197183 0.78125
0 0.18309859154929578 0.9479166666666666 0.11971830985915492 0.9479166666666666 0.11971830985915492 0.9791666666666666 0.18309859154929578 0.9791666666666666 0.18309859154929578 0.9479166666666666
0 0.9366197183098591 0.78125 0.8802816901408451 0.78125 0.8802816901408451 0.8541666666666666 0.9366197183098591 0.8541666666666666 0.9366197183098591 0.78125
0 0.31690140845070425 0.9375 0.2535211267605634 0.9375 0.2535211267605634 0.9791666666666666 0.31690140845070425 0.9791666666666666 0.31690140845070425 0.9375
0 0.1267605633802817 0.8854166666666666 0.056338028169014086 0.8854166666666666 0.056338028169014086 0.96875 0.1267605633802817 0.96875 0.1267605633802817 0.8854166666666666
0 0.11267605633802817 0.7916666666666666 0.035211267605633804 0.7916666666666666 0.035211267605633804 0.875 0.11267605633802817 0.875 0.11267605633802817 0.7916666666666666
0 0.5563380281690141 0.19791666666666666 0.5 0.19791666666666666 0.5 0.2604166666666667 0.5563380281690141 0.2604166666666667 0.5563380281690141 0.19791666666666666
0 0.4859154929577465 0.46875 0.4225352112676056 0.46875 0.4225352112676056 0.5416666666666666 0.4859154929577465 0.5416666666666666 0.4859154929577465 0.46875
0 0.4014084507042254 0.6666666666666666 0.3380281690140845 0.6666666666666666 0.3380281690140845 0.7291666666666666 0.4014084507042254 0.7291666666666666 0.4014084507042254 0.6666666666666666
0 0.7464788732394366 0.13541666666666666 0.6619718309859155 0.13541666666666666 0.6619718309859155 0.21875 0.7464788732394366 0.21875 0.7464788732394366 0.13541666666666666
0 0.176056338028169 0.6875 0.11971830985915492 0.6875 0.11971830985915492 0.7291666666666666 0.176056338028169 0.7291666666666666 0.176056338028169 0.6875
0 0.7746478873239436 0.9479166666666666 0.7183098591549296 0.9479166666666666 0.7183098591549296 0.9791666666666666 0.7746478873239436 0.9791666666666666 0.7746478873239436 0.9479166666666666
0 0.47183098591549294 0.6354166666666666 0.4225352112676056 0.6354166666666666 0.4225352112676056 0.6979166666666666 0.47183098591549294 0.6979166666666666 0.47183098591549294 0.6354166666666666
0 0.028169014084507043 0.3541666666666667 0 0.3541666666666667 0 0.4375 0.028169014084507043 0.4375 0.028169014084507043 0.3541666666666667