0 0.9939393939393939 0 0.9575757575757575 0 0.9575757575757575 0.05511811023622047 0.9939393939393939 0.05511811023622047 0.9939393939393939 0
0 0.9515151515151515 0 0.8848484848484849 0 0.8848484848484849 0.05511811023622047 0.9515151515151515 0.05511811023622047 0.9515151515151515 0
0 0.6666666666666666 0.6062992125984252 0.6 0.6062992125984252 0.6 0.6771653543307087 0.6666666666666666 0.6771653543307087 0.6666666666666666 0.6062992125984252
0 0.8787878787878788 0 0.8181818181818182 0 0.8181818181818182 0.03937007874015748 0.8787878787878788 0.03937007874015748 0.8787878787878788 0
0 0.7151515151515152 0.937007874015748 0.6424242424242425 0.937007874015748 0.6424242424242425 0.9921259842519685 0.7151515151515152 0.9921259842519685 0.7151515151515152 0.937007874015748
0 0.6666666666666666 0.5433070866141733 0.593939393939394 0.5433070866141733 0.593939393939394 0.6062992125984252 0.6666666666666666 0.6062992125984252 0.6666666666666666 0.5433070866141733
0 0.8121212121212121 0 0.7575757575757576 0 0.7575757575757576 0.05511811023622047 0.8121212121212121 0.05511811023622047 0.8121212121212121 0
0 0.6 0.8188976377952756 0.5212121212121212 0.8188976377952756 0.5212121212121212 0.8976377952755905 0.6 0.8976377952755905 0.6 0.8188976377952756
0 0.3212121212121212 0.937007874015748 0.2545454545454545 0.937007874015748 0.2545454545454545 0.9921259842519685 0.3212121212121212 0.9921259842519685 0.3212121212121212 0.937007874015748
0 0.3878787878787879 0.952755905511811 0.32727272727272727 0.952755905511811 0.32727272727272727 0.9921259842519685 0.3878787878787879 0.9921259842519685 0.3878787878787879 0.952755905511811
0 0.4727272727272727 0.5433070866141733 0.3878787878787879 0.5433070866141733 0.3878787878787879 0.6220472440944882 0.4727272727272727 0.6220472440944882 0.4727272727272727 0.5433070866141733
0 0.6787878787878788 0 0.6121212121212121 0 0.6121212121212121 0.03937007874015748 0.6787878787878788 0.03937007874015748 0.6787878787878788 0