0 0.11272727272727273 0.9315960912052117 0.05454545454545454 0.9315960912052117 0.05454545454545454 0.993485342019544 0.11272727272727273 0.993485342019544 0.11272727272727273 0.9315960912052117
0 0.6618181818181819 0.6351791530944625 0.610909090909091 0.6351791530944625 0.610909090909091 0.6872964169381107 0.6618181818181819 0.6872964169381107 0.6618181818181819 0.6351791530944625
0 0.5636363636363636 0.1270358306188925 0.5054545454545455 0.1270358306188925 0.5054545454545455 0.18566775244299674 0.5636363636363636 0.18566775244299674 0.5636363636363636 0.1270358306188925
0 0.7127272727272728 0.8729641693811075 0.6545454545454545 0.8729641693811075 0.6545454545454545 0.9315960912052117 0.7127272727272728 0.9315960912052117 0.7127272727272728 0.8729641693811075
0 0.5018181818181818 0.1270358306188925 0.45454545454545453 0.1270358306188925 0.45454545454545453 0.18566775244299674 0.5018181818181818 0.18566775244299674 0.5018181818181818 0.1270358306188925
0 0.5927272727272728 0.8697068403908795 0.5345454545454545 0.8697068403908795 0.5345454545454545 0.9315960912052117 0.5927272727272728 0.9315960912052117 0.5927272727272728 0.8697068403908795
0 0.8727272727272727 0.1270358306188925 0.8145454545454546 0.1270358306188925 0.8145454545454546 0.18892508143322476 0.8727272727272727 0.18892508143322476 0.8727272727272727 0.1270358306188925
0 0.5345454545454545 0.8697068403908795 0.4727272727272727 0.8697068403908795 0.4727272727272727 0.9218241042345277 0.5345454545454545 0.9218241042345277 0.5345454545454545 0.8697068403908795
0 0.11636363636363636 0.8566775244299675 0.06545454545454546 0.8566775244299675 0.06545454545454546 0.9055374592833876 0.11636363636363636 0.9055374592833876 0.11636363636363636 0.8566775244299675
0 0.7709090909090909 0.8794788273615635 0.72 0.8794788273615635 0.72 0.9315960912052117 0.7709090909090909 0.9315960912052117 0.7709090909090909 0.8794788273615635
0 0.24363636363636362 0.6351791530944625 0.2 0.6351791530944625 0.2 0.6872964169381107 0.24363636363636362 0.6872964169381107 0.24363636363636362 0.6351791530944625
0 0.9636363636363636 0.7687296416938111 0.9127272727272727 0.7687296416938111 0.9127272727272727 0.8110749185667753 0.9636363636363636 0.8110749185667753 0.9636363636363636 0.7687296416938111
0 0.8654545454545455 0.2247557003257329 0.8036363636363636 0.2247557003257329 0.8036363636363636 0.28664495114006516 0.8654545454545455 0.28664495114006516 0.8654545454545455 0.2247557003257329
0 0.2 0.44299674267100975 0.14545454545454545 0.44299674267100975 0.14545454545454545 0.4820846905537459 0.2 0.4820846905537459 0.2 0.44299674267100975
0 0.8436363636363636 0.7003257328990228 0.7927272727272727 0.7003257328990228 0.7927272727272727 0.758957654723127 0.8436363636363636 0.758957654723127 0.8436363636363636 0.7003257328990228
0 0.6436363636363637 0.9348534201954397 0.5927272727272728 0.9348534201954397 0.5927272727272728 0.993485342019544 0.6436363636363637 0.993485342019544 0.6436363636363637 0.9348534201954397
0 0.22181818181818183 0.06188925081433225 0.16363636363636364 0.06188925081433225 0.16363636363636364 0.11074918566775244 0.22181818181818183 0.11074918566775244 0.22181818181818183 0.06188925081433225
0 0.7636363636363637 0.9413680781758957 0.7127272727272728 0.9413680781758957 0.7127272727272728 0.993485342019544 0.7636363636363637 0.993485342019544 0.7636363636363637 0.9413680781758957
0 0.23272727272727273 0.8664495114006515 0.18181818181818182 0.8664495114006515 0.18181818181818182 0.9185667752442996 0.23272727272727273 0.9185667752442996 0.23272727272727273 0.8664495114006515
0 0.31272727272727274 0.38436482084690554 0.26181818181818184 0.38436482084690554 0.26181818181818184 0.43322475570032576 0.31272727272727274 0.43322475570032576 0.31272727272727274 0.38436482084690554
0 0.18181818181818182 0.6872964169381107 0.13454545454545455 0.6872964169381107 0.13454545454545455 0.7263843648208469 0.18181818181818182 0.7263843648208469 0.18181818181818182 0.6872964169381107
0 0.7818181818181819 0.6286644951140065 0.7345454545454545 0.6286644951140065 0.7345454545454545 0.6872964169381107 0.7818181818181819 0.6872964169381107 0.7818181818181819 0.6286644951140065
0 0.7418181818181818 0.1270358306188925 0.6909090909090909 0.1270358306188925 0.6909090909090909 0.18892508143322476 0.7418181818181818 0.18892508143322476 0.7418181818181818 0.1270358306188925
0 0.5127272727272727 0.003257328990228013 0.45454545454545453 0.003257328990228013 0.45454545454545453 0.0749185667752443 0.5127272727272727 0.0749185667752443 0.5127272727272727 0.003257328990228013
0 0.5127272727272727 0.0781758957654723 0.45454545454545453 0.0781758957654723 0.45454545454545453 0.11726384364820847 0.5127272727272727 0.11726384364820847 0.5127272727272727 0.0781758957654723
0 0.33090909090909093 0.17263843648208468 0.2727272727272727 0.17263843648208468 0.2727272727272727 0.2280130293159609 0.33090909090909093 0.2280130293159609 0.33090909090909093 0.17263843648208468
0 0.24363636363636362 0.8078175895765473 0.18545454545454546 0.8078175895765473 0.18545454545454546 0.8566775244299675 0.24363636363636362 0.8566775244299675 0.24363636363636362 0.8078175895765473
0 0.6545454545454545 0.8697068403908795 0.6 0.8697068403908795 0.6 0.9315960912052117 0.6545454545454545 0.9315960912052117 0.6545454545454545 0.8697068403908795
0 0.44363636363636366 0.1270358306188925 0.3927272727272727 0.1270358306188925 0.3927272727272727 0.18566775244299674 0.44363636363636366 0.18566775244299674 0.44363636363636366 0.1270358306188925
0 0.7818181818181819 0.6905537459283387 0.7236363636363636 0.6905537459283387 0.7236363636363636 0.749185667752443 0.7818181818181819 0.749185667752443 0.7818181818181819 0.6905537459283387
0 0.24363636363636362 0.7361563517915309 0.18545454545454546 0.7361563517915309 0.18545454545454546 0.8013029315960912 0.24363636363636362 0.8013029315960912 0.24363636363636362 0.7361563517915309
0 0.06181818181818182 0.7328990228013029 0.01090909090909091 0.7328990228013029 0.01090909090909091 0.7980456026058632 0.06181818181818182 0.7980456026058632 0.06181818181818182 0.7328990228013029
0 0.43636363636363634 0.18566775244299674 0.38181818181818183 0.18566775244299674 0.38181818181818183 0.23452768729641693 0.43636363636363634 0.23452768729641693 0.43636363636363634 0.18566775244299674
0 0.4727272727272727 0.8729641693811075 0.4218181818181818 0.8729641693811075 0.4218181818181818 0.9218241042345277 0.4727272727272727 0.9218241042345277 0.4727272727272727 0.8729641693811075
0 0.41454545454545455 0.8697068403908795 0.36 0.8697068403908795 0.36 0.9218241042345277 0.41454545454545455 0.9218241042345277 0.41454545454545455 0.8697068403908795
0 0.3527272727272727 0.8599348534201955 0.3018181818181818 0.8599348534201955 0.3018181818181818 0.9185667752442996 0.3527272727272727 0.9185667752442996 0.3527272727272727 0.8599348534201955
0 0.15272727272727274 0.05211726384364821 0.09454545454545454 0.05211726384364821 0.09454545454545454 0.11074918566775244 0.15272727272727274 0.11074918566775244 0.15272727272727274 0.05211726384364821
0 0.5418181818181819 0.6254071661237784 0.4909090909090909 0.6254071661237784 0.4909090909090909 0.6872964169381107 0.5418181818181819 0.6872964169381107 0.5418181818181819 0.6254071661237784
0 0.8436363636363636 0.762214983713355 0.7854545454545454 0.762214983713355 0.7854545454545454 0.8078175895765473 0.8436363636363636 0.8078175895765473 0.8436363636363636 0.762214983713355
0 0.17454545454545456 0.8599348534201955 0.12363636363636364 0.8599348534201955 0.12363636363636364 0.9153094462540716 0.17454545454545456 0.9153094462540716 0.17454545454545456 0.8599348534201955
0 0.29454545454545455 0.8599348534201955 0.24363636363636362 0.8599348534201955 0.24363636363636362 0.9185667752442996 0.29454545454545455 0.9185667752442996 0.29454545454545455 0.8599348534201955
0 0.5818181818181818 0.9413680781758957 0.5345454545454545 0.9413680781758957 0.5345454545454545 0.993485342019544 0.5818181818181818 0.993485342019544 0.5818181818181818 0.9413680781758957
0 0.6836363636363636 0 0.6327272727272727 0 0.6327272727272727 0.029315960912052116 0.6836363636363636 0.029315960912052116 0.6836363636363636 0
0 0.24363636363636362 0.6872964169381107 0.19272727272727272 0.6872964169381107 0.19272727272727272 0.7263843648208469 0.24363636363636362 0.7263843648208469 0.24363636363636362 0.6872964169381107
0 0.6327272727272727 0.029315960912052116 0.5818181818181818 0.029315960912052116 0.5818181818181818 0.0749185667752443 0.6327272727272727 0.0749185667752443 0.6327272727272727 0.029315960912052116
0 0.18181818181818182 0.7328990228013029 0.13454545454545455 0.7328990228013029 0.13454545454545455 0.7980456026058632 0.18181818181818182 0.7980456026058632 0.18181818181818182 0.7328990228013029
0 0.09454545454545454 0.15309446254071662 0.03272727272727273 0.15309446254071662 0.03272727272727273 0.21498371335504887 0.09454545454545454 0.21498371335504887 0.09454545454545454 0.15309446254071662
0 0.8618181818181818 0.2996742671009772 0.8109090909090909 0.2996742671009772 0.8109090909090909 0.3713355048859935 0.8618181818181818 0.3713355048859935 0.8618181818181818 0.2996742671009772
0 0.13090909090909092 0.6254071661237784 0.07272727272727272 0.6254071661237784 0.07272727272727272 0.6840390879478827 0.13090909090909092 0.6840390879478827 0.13090909090909092 0.6254071661237784
0 0.72 0.745928338762215 0.6618181818181819 0.745928338762215 0.6618181818181819 0.8175895765472313 0.72 0.8175895765472313 0.72 0.745928338762215
0 0.730909090909091 0.6286644951140065 0.6727272727272727 0.6286644951140065 0.6727272727272727 0.6872964169381107 0.730909090909091 0.6872964169381107 0.730909090909091 0.6286644951140065
0 0.26181818181818184 0.3322475570032573 0.21454545454545454 0.3322475570032573 0.21454545454545454 0.3811074918566775 0.26181818181818184 0.3811074918566775 0.26181818181818184 0.3322475570032573
0 0.7418181818181818 0.2247557003257329 0.68 0.2247557003257329 0.68 0.2931596091205212 0.7418181818181818 0.2931596091205212 0.7418181818181818 0.2247557003257329
0 0.4727272727272727 0.749185667752443 0.4254545454545455 0.749185667752443 0.4254545454545455 0.8110749185667753 0.4727272727272727 0.8110749185667753 0.4727272727272727 0.749185667752443
0 0.43636363636363634 0.23452768729641693 0.38181818181818183 0.23452768729641693 0.38181818181818183 0.28338762214983715 0.43636363636363634 0.28338762214983715 0.43636363636363634 0.23452768729641693
0 0.6654545454545454 0.5863192182410424 0.6036363636363636 0.5863192182410424 0.6036363636363636 0.6254071661237784 0.6654545454545454 0.6254071661237784 0.6654545454545454 0.5863192182410424
0 0.2727272727272727 0.2736156351791531 0.2109090909090909 0.2736156351791531 0.2109090909090909 0.3322475570032573 0.2727272727272727 0.3322475570032573 0.2727272727272727 0.2736156351791531
0 0.5927272727272728 0.7361563517915309 0.5418181818181819 0.7361563517915309 0.5418181818181819 0.7980456026058632 0.5927272727272728 0.7980456026058632 0.5927272727272728 0.7361563517915309
0 0.3236363636363636 0.3322475570032573 0.26545454545454544 0.3322475570032573 0.26545454545454544 0.3811074918566775 0.3236363636363636 0.3811074918566775 0.3236363636363636 0.3322475570032573
0 0.6618181818181819 0.6872964169381107 0.6036363636363636 0.6872964169381107 0.6036363636363636 0.7361563517915309 0.6618181818181819 0.7361563517915309 0.6618181818181819 0.6872964169381107
0 0.45454545454545453 0.019543973941368076 0.4 0.019543973941368076 0.4 0.0749185667752443 0.45454545454545453 0.0749185667752443 0.45454545454545453 0.019543973941368076
0 0.8327272727272728 0.8729641693811075 0.7745454545454545 0.8729641693811075 0.7745454545454545 0.9413680781758957 0.8327272727272728 0.9413680781758957 0.8327272727272728 0.8729641693811075
0 0.09454545454545454 0.10423452768729642 0.04363636363636364 0.10423452768729642 0.04363636363636364 0.1498371335504886 0.09454545454545454 0.1498371335504886 0.09454545454545454 0.10423452768729642
0 0.6836363636363636 0.1270358306188925 0.6218181818181818 0.1270358306188925 0.6218181818181818 0.18892508143322476 0.6836363636363636 0.18892508143322476 0.6836363636363636 0.1270358306188925
0 0.9345454545454546 0.08143322475570032 0.8763636363636363 0.08143322475570032 0.8763636363636363 0.13029315960912052 0.9345454545454546 0.13029315960912052 0.9345454545454546 0.08143322475570032
0 0.3709090909090909 0.44299674267100975 0.31636363636363635 0.44299674267100975 0.31636363636363635 0.49185667752442996 0.3709090909090909 0.49185667752442996 0.3709090909090909 0.44299674267100975
0 0.13090909090909092 0.6872964169381107 0.07272727272727272 0.6872964169381107 0.07272727272727272 0.7263843648208469 0.13090909090909092 0.7263843648208469 0.13090909090909092 0.6872964169381107
0 0.06181818181818182 0.8078175895765473 0.0036363636363636364 0.8078175895765473 0.0036363636363636364 0.8501628664495114 0.06181818181818182 0.8501628664495114 0.06181818181818182 0.8078175895765473
0 0.08363636363636363 0.21498371335504887 0.025454545454545455 0.21498371335504887 0.025454545454545455 0.2736156351791531 0.08363636363636363 0.2736156351791531 0.08363636363636363 0.21498371335504887
0 0.5418181818181819 0.5374592833876222 0.4909090909090909 0.5374592833876222 0.4909090909090909 0.5928338762214984 0.5418181818181819 0.5928338762214984 0.5418181818181819 0.5374592833876222
0 0.7418181818181818 0.4234527687296417 0.68 0.4234527687296417 0.68 0.4788273615635179 0.7418181818181818 0.4788273615635179 0.7418181818181818 0.4234527687296417
0 0.08363636363636363 0.3745928338762215 0.03272727272727273 0.3745928338762215 0.03272727272727273 0.42996742671009774 0.08363636363636363 0.42996742671009774 0.08363636363636363 0.3745928338762215
0 0.6 0.6840390879478827 0.5418181818181819 0.6840390879478827 0.5418181818181819 0.7361563517915309 0.6 0.7361563517915309 0.6 0.6840390879478827
0 0.36363636363636365 0.5863192182410424 0.31272727272727274 0.5863192182410424 0.31272727272727274 0.6384364820846905 0.36363636363636365 0.6384364820846905 0.36363636363636365 0.5863192182410424
0 0.3054545454545455 0.6351791530944625 0.2509090909090909 0.6351791530944625 0.2509090909090909 0.6872964169381107 0.3054545454545455 0.6872964169381107 0.3054545454545455 0.6351791530944625
0 0.9418181818181818 0.026058631921824105 0.8836363636363637 0.026058631921824105 0.8836363636363637 0.0781758957654723 0.9418181818181818 0.0781758957654723 0.9418181818181818 0.026058631921824105
0 0.7927272727272727 0.5732899022801303 0.7418181818181818 0.5732899022801303 0.7418181818181818 0.6254071661237784 0.7927272727272727 0.6254071661237784 0.7927272727272727 0.5732899022801303
0 0.5345454545454545 0.745928338762215 0.4727272727272727 0.745928338762215 0.4727272727272727 0.8175895765472313 0.5345454545454545 0.8175895765472313 0.5345454545454545 0.745928338762215
0 0.43272727272727274 0.3811074918566775 0.37454545454545457 0.3811074918566775 0.37454545454545457 0.43973941368078173 0.43272727272727274 0.43973941368078173 0.43272727272727274 0.3811074918566775
0 0.20363636363636364 0.26384364820846906 0.14181818181818182 0.26384364820846906 0.14181818181818182 0.3257328990228013 0.20363636363636364 0.3257328990228013 0.20363636363636364 0.26384364820846906
0 0.9563636363636364 0.8241042345276873 0.9018181818181819 0.8241042345276873 0.9018181818181819 0.8729641693811075 0.9563636363636364 0.8729641693811075 0.9563636363636364 0.8241042345276873
0 0.7818181818181819 0.749185667752443 0.7236363636363636 0.749185667752443 0.7236363636363636 0.8110749185667753 0.7818181818181819 0.8110749185667753 0.7818181818181819 0.749185667752443
0 0.48363636363636364 0.5374592833876222 0.43272727272727274 0.5374592833876222 0.43272727272727274 0.6026058631921825 0.48363636363636364 0.6026058631921825 0.48363636363636364 0.5374592833876222
0 0.19272727272727272 0.6254071661237784 0.13454545454545455 0.6254071661237784 0.13454545454545455 0.6775244299674267 0.19272727272727272 0.6775244299674267 0.19272727272727272 0.6254071661237784
0 0.38181818181818183 0.2247557003257329 0.33090909090909093 0.2247557003257329 0.33090909090909093 0.2768729641693811 0.38181818181818183 0.2768729641693811 0.38181818181818183 0.2247557003257329
0 0.8945454545454545 0.8794788273615635 0.8363636363636363 0.8794788273615635 0.8363636363636363 0.9348534201954397 0.8945454545454545 0.9348534201954397 0.8945454545454545 0.8794788273615635
0 0.9018181818181819 0.7687296416938111 0.850909090909091 0.7687296416938111 0.850909090909091 0.8175895765472313 0.9018181818181819 0.8175895765472313 0.9018181818181819 0.7687296416938111
0 0.48363636363636364 0.6254071661237784 0.4218181818181818 0.6254071661237784 0.4218181818181818 0.6905537459283387 0.48363636363636364 0.6905537459283387 0.48363636363636364 0.6254071661237784
0 0.31272727272727274 0.43973941368078173 0.2545454545454545 0.43973941368078173 0.2545454545454545 0.495114006514658 0.31272727272727274 0.495114006514658 0.31272727272727274 0.43973941368078173
0 0.07636363636363637 0.43322475570032576 0.025454545454545455 0.43322475570032576 0.025454545454545455 0.48859934853420195 0.07636363636363637 0.48859934853420195 0.07636363636363637 0.43322475570032576
0 0.8363636363636363 0.8110749185667753 0.7818181818181819 0.8110749185667753 0.7818181818181819 0.8697068403908795 0.8363636363636363 0.8697068403908795 0.8363636363636363 0.8110749185667753
0 0.6218181818181818 0.0781758957654723 0.5709090909090909 0.0781758957654723 0.5709090909090909 0.1465798045602606 0.6218181818181818 0.1465798045602606 0.6218181818181818 0.0781758957654723
0 0.5527272727272727 0.4788273615635179 0.4909090909090909 0.4788273615635179 0.4909090909090909 0.5407166123778502 0.5527272727272727 0.5407166123778502 0.5527272727272727 0.4788273615635179
0 0.48363636363636364 0.49185667752442996 0.43272727272727274 0.49185667752442996 0.43272727272727274 0.5374592833876222 0.48363636363636364 0.5374592833876222 0.48363636363636364 0.49185667752442996
0 0.8036363636363636 0.1270358306188925 0.7418181818181818 0.1270358306188925 0.7418181818181818 0.18892508143322476 0.8036363636363636 0.18892508143322476 0.8036363636363636 0.1270358306188925
0 0.9636363636363636 0.7003257328990228 0.9054545454545454 0.7003257328990228 0.9054545454545454 0.758957654723127 0.9636363636363636 0.758957654723127 0.9636363636363636 0.7003257328990228
0 0.5927272727272728 0.8306188925081434 0.5418181818181819 0.8306188925081434 0.5418181818181819 0.8599348534201955 0.5927272727272728 0.8599348534201955 0.5927272727272728 0.8306188925081434
0 0.3018181818181818 0.6872964169381107 0.2509090909090909 0.6872964169381107 0.2509090909090909 0.7328990228013029 0.3018181818181818 0.7328990228013029 0.3018181818181818 0.6872964169381107
0 0.2727272727272727 0.15960912052117263 0.21454545454545454 0.15960912052117263 0.21454545454545454 0.2247557003257329 0.2727272727272727 0.2247557003257329 0.2727272727272727 0.15960912052117263
0 0.31272727272727274 0.5407166123778502 0.2545454545454545 0.5407166123778502 0.2545454545454545 0.5895765472312704 0.31272727272727274 0.5895765472312704 0.31272727272727274 0.5407166123778502
0 0.14545454545454545 0.22149837133550487 0.09090909090909091 0.22149837133550487 0.09090909090909091 0.28338762214983715 0.14545454545454545 0.28338762214983715 0.14545454545454545 0.22149837133550487
0 0.06181818181818182 0.8566775244299675 0.0036363636363636364 0.8566775244299675 0.0036363636363636364 0.9185667752442996 0.06181818181818182 0.9185667752442996 0.06181818181818182 0.8566775244299675
0 0.21454545454545454 0.11400651465798045 0.16363636363636364 0.11400651465798045 0.16363636363636364 0.16286644951140064 0.21454545454545454 0.16286644951140064 0.21454545454545454 0.11400651465798045
0 0.08363636363636363 0.31921824104234525 0.03636363636363636 0.31921824104234525 0.03636363636363636 0.3713355048859935 0.08363636363636363 0.3713355048859935 0.08363636363636363 0.31921824104234525
0 0.610909090909091 0.46905537459283386 0.5454545454545454 0.46905537459283386 0.5454545454545454 0.5374592833876222 0.610909090909091 0.5374592833876222 0.610909090909091 0.46905537459283386
0 0.13090909090909092 0.7361563517915309 0.07272727272727272 0.7361563517915309 0.07272727272727272 0.7980456026058632 0.13090909090909092 0.7980456026058632 0.13090909090909092 0.7361563517915309
0 0.18181818181818182 0.8078175895765473 0.13090909090909092 0.8078175895765473 0.13090909090909092 0.8501628664495114 0.18181818181818182 0.8501628664495114 0.18181818181818182 0.8078175895765473
0 0.06545454545454546 0.6775244299674267 0.014545454545454545 0.6775244299674267 0.014545454545454545 0.7263843648208469 0.06545454545454546 0.7263843648208469 0.06545454545454546 0.6775244299674267
0 0.5309090909090909 0.9315960912052117 0.4727272727272727 0.9315960912052117 0.4727272727272727 0.9771986970684039 0.5309090909090909 0.9771986970684039 0.5309090909090909 0.9315960912052117
0 0.9927272727272727 0.28338762214983715 0.9309090909090909 0.28338762214983715 0.9309090909090909 0.34201954397394135 0.9927272727272727 0.34201954397394135 0.9927272727272727 0.28338762214983715
0 0.8945454545454545 0.8208469055374593 0.8436363636363636 0.8208469055374593 0.8436363636363636 0.8729641693811075 0.8945454545454545 0.8729641693811075 0.8945454545454545 0.8208469055374593
0 0.7054545454545454 0.9413680781758957 0.6545454545454545 0.9413680781758957 0.6545454545454545 0.993485342019544 0.7054545454545454 0.993485342019544 0.7054545454545454 0.9413680781758957
0 0.4 0.016286644951140065 0.3418181818181818 0.016286644951140065 0.3418181818181818 0.0781758957654723 0.4 0.0781758957654723 0.4 0.016286644951140065
0 0.2545454545454545 0.38436482084690554 0.21454545454545454 0.38436482084690554 0.21454545454545454 0.43322475570032576 0.2545454545454545 0.43322475570032576 0.2545454545454545 0.38436482084690554
0 0.07636363636363637 0.49185667752442996 0.02181818181818182 0.49185667752442996 0.02181818181818182 0.5374592833876222 0.07636363636363637 0.5374592833876222 0.07636363636363637 0.49185667752442996
0 0.9527272727272728 0.8794788273615635 0.8945454545454545 0.8794788273615635 0.8945454545454545 0.9315960912052117 0.9527272727272728 0.9315960912052117 0.9527272727272728 0.8794788273615635
0 0.15272727272727274 0.11074918566775244 0.09454545454545454 0.11074918566775244 0.09454545454545454 0.16286644951140064 0.15272727272727274 0.16286644951140064 0.15272727272727274 0.11074918566775244
0 0.3418181818181818 0.9283387622149837 0.29454545454545455 0.9283387622149837 0.29454545454545455 0.993485342019544 0.3418181818181818 0.993485342019544 0.3418181818181818 0.9283387622149837
0 0.36363636363636365 0.6351791530944625 0.3054545454545455 0.6351791530944625 0.3054545454545455 0.6905537459283387 0.36363636363636365 0.6905537459283387 0.36363636363636365 0.6351791530944625
0 0.6218181818181818 0.18892508143322476 0.5636363636363636 0.18892508143322476 0.5636363636363636 0.24429967426710097 0.6218181818181818 0.24429967426710097 0.6218181818181818 0.18892508143322476
0 0.33454545454545453 0.006514657980456026 0.28363636363636363 0.006514657980456026 0.28363636363636363 0.06840390879478828 0.33454545454545453 0.06840390879478828 0.33454545454545453 0.006514657980456026
0 0.49454545454545457 0.3257328990228013 0.43272727272727274 0.3257328990228013 0.43272727272727274 0.38436482084690554 0.49454545454545457 0.38436482084690554 0.49454545454545457 0.3257328990228013
0 0.07272727272727272 0.6254071661237784 0.02181818181818182 0.6254071661237784 0.02181818181818182 0.6742671009771987 0.07272727272727272 0.6742671009771987 0.07272727272727272 0.6254071661237784
0 0.9054545454545454 0.7003257328990228 0.8436363636363636 0.7003257328990228 0.8436363636363636 0.762214983713355 0.9054545454545454 0.762214983713355 0.9054545454545454 0.7003257328990228
0 0.15272727272727274 0 0.10545454545454545 0 0.10545454545454545 0.048859934853420196 0.15272727272727274 0.048859934853420196 0.15272727272727274 0
0 0.5636363636363636 0.0749185667752443 0.5127272727272727 0.0749185667752443 0.5127272727272727 0.1237785016286645 0.5636363636363636 0.1237785016286645 0.5636363636363636 0.0749185667752443
0 0.22545454545454546 0 0.16363636363636364 0 0.16363636363636364 0.05537459283387622 0.22545454545454546 0.05537459283387622 0.22545454545454546 0
0 0.6290909090909091 0 0.5818181818181818 0 0.5818181818181818 0.026058631921824105 0.6327272727272727 0.026058631921824105 0.6290909090909091 0
0 0.8036363636363636 0.32247557003257327 0.7454545454545455 0.32247557003257327 0.7454545454545455 0.3941368078175896 0.8036363636363636 0.3941368078175896 0.8036363636363636 0.32247557003257327
0 0.8 0.42996742671009774 0.7418181818181818 0.42996742671009774 0.7418181818181818 0.4820846905537459 0.8 0.4820846905537459 0.8 0.42996742671009774
0 0.2 0.49185667752442996 0.14181818181818182 0.49185667752442996 0.14181818181818182 0.5537459283387622 0.2 0.5537459283387622 0.2 0.49185667752442996
0 0.5345454545454545 0.6872964169381107 0.48363636363636364 0.6872964169381107 0.48363636363636364 0.7328990228013029 0.5345454545454545 0.7328990228013029 0.5345454545454545 0.6872964169381107
0 0.03272727272727273 0 0 0 0 0.048859934853420196 0.03272727272727273 0.048859934853420196 0.03272727272727273 0
0 0.16363636363636364 0.9218241042345277 0.11636363636363636 0.9218241042345277 0.11636363636363636 0.990228013029316 0.16363636363636364 0.990228013029316 0.16363636363636364 0.9218241042345277
0 0.20363636363636364 0.3322475570032573 0.14545454545454545 0.3322475570032573 0.14545454545454545 0.38436482084690554 0.20363636363636364 0.38436482084690554 0.20363636363636364 0.3322475570032573
0 0.3527272727272727 0.8175895765472313 0.3018181818181818 0.8175895765472313 0.3018181818181818 0.8566775244299675 0.3527272727272727 0.8566775244299675 0.3527272727272727 0.8175895765472313
0 0.7127272727272728 0.8208469055374593 0.6618181818181819 0.8208469055374593 0.6618181818181819 0.8697068403908795 0.7127272727272728 0.8697068403908795 0.7127272727272728 0.8208469055374593
0 0.8618181818181818 0.38436482084690554 0.8036363636363636 0.38436482084690554 0.8036363636363636 0.4527687296416938 0.8618181818181818 0.4527687296416938 0.8618181818181818 0.38436482084690554
0 0.8763636363636363 0.026058631921824105 0.8218181818181818 0.026058631921824105 0.8218181818181818 0.0781758957654723 0.8763636363636363 0.0781758957654723 0.8763636363636363 0.026058631921824105
0 0.38181818181818183 0.7752442996742671 0.3418181818181818 0.7752442996742671 0.3418181818181818 0.8306188925081434 0.38181818181818183 0.8306188925081434 0.38181818181818183 0.7752442996742671
0 0.8036363636363636 0.18892508143322476 0.7454545454545455 0.18892508143322476 0.7454545454545455 0.24429967426710097 0.8036363636363636 0.24429967426710097 0.8036363636363636 0.18892508143322476
0 0.43272727272727274 0.28338762214983715 0.38181818181818183 0.28338762214983715 0.38181818181818183 0.34201954397394135 0.43272727272727274 0.34201954397394135 0.43272727272727274 0.28338762214983715
0 0.4218181818181818 0.6775244299674267 0.36363636363636365 0.6775244299674267 0.36363636363636365 0.7328990228013029 0.4218181818181818 0.7328990228013029 0.4218181818181818 0.6775244299674267
0 0.14181818181818182 0.32247557003257327 0.09090909090909091 0.32247557003257327 0.09090909090909091 0.38436482084690554 0.14181818181818182 0.38436482084690554 0.14181818181818182 0.32247557003257327
0 0.6036363636363636 0.5309446254071661 0.5454545454545454 0.5309446254071661 0.5454545454545454 0.5895765472312704 0.6036363636363636 0.5895765472312704 0.6036363636363636 0.5309446254071661
0 0.45454545454545453 0.0749185667752443 0.4 0.0749185667752443 0.4 0.1237785016286645 0.45454545454545453 0.1237785016286645 0.45454545454545453 0.0749185667752443
0 0.13454545454545455 0.495114006514658 0.08363636363636363 0.495114006514658 0.08363636363636363 0.5439739413680782 0.13454545454545455 0.5439739413680782 0.13454545454545455 0.495114006514658
0 0.46545454545454545 0.9315960912052117 0.41454545454545455 0.9315960912052117 0.41454545454545455 0.9771986970684039 0.46545454545454545 0.9771986970684039 0.46545454545454545 0.9315960912052117
0 0.09454545454545454 0.029315960912052116 0.03272727272727273 0.029315960912052116 0.03272727272727273 0.10097719869706841 0.09454545454545454 0.10097719869706841 0.09454545454545454 0.029315960912052116
0 0.3236363636363636 0.23778501628664495 0.2727272727272727 0.23778501628664495 0.2727272727272727 0.2768729641693811 0.3236363636363636 0.2768729641693811 0.3236363636363636 0.23778501628664495
0 0.6036363636363636 0.6254071661237784 0.5454545454545454 0.6254071661237784 0.5454545454545454 0.6840390879478827 0.6036363636363636 0.6840390879478827 0.6036363636363636 0.6254071661237784
0 0.33454545454545453 0.06514657980456026 0.28 0.06514657980456026 0.28 0.11726384364820847 0.33454545454545453 0.11726384364820847 0.33454545454545453 0.06514657980456026
0 0.43272727272727274 0.4788273615635179 0.3709090909090909 0.4788273615635179 0.3709090909090909 0.5407166123778502 0.43272727272727274 0.5407166123778502 0.43272727272727274 0.4788273615635179
0 0.28 0.06188925081433225 0.22545454545454546 0.06188925081433225 0.22545454545454546 0.11726384364820847 0.28 0.11726384364820847 0.28 0.06188925081433225
0 0.8 0.4820846905537459 0.7418181818181818 0.4820846905537459 0.7418181818181818 0.5407166123778502 0.8 0.5407166123778502 0.8 0.4820846905537459
0 0.38545454545454544 0.1237785016286645 0.33090909090909093 0.1237785016286645 0.33090909090909093 0.18892508143322476 0.38545454545454544 0.18892508143322476 0.38545454545454544 0.1237785016286645
0 0.49454545454545457 0.23778501628664495 0.44363636363636366 0.23778501628664495 0.44363636363636366 0.28664495114006516 0.49454545454545457 0.28664495114006516 0.49454545454545457 0.23778501628664495
0 0.2545454545454545 0.43973941368078173 0.20363636363636364 0.43973941368078173 0.20363636363636364 0.495114006514658 0.2545454545454545 0.495114006514658 0.2545454545454545 0.43973941368078173
0 0.6618181818181819 0.7361563517915309 0.6 0.7361563517915309 0.6 0.8013029315960912 0.6618181818181819 0.8013029315960912 0.6618181818181819 0.7361563517915309
0 0.8545454545454545 0.5863192182410424 0.7927272727272727 0.5863192182410424 0.7927272727272727 0.6416938110749185 0.8545454545454545 0.6416938110749185 0.8545454545454545 0.5863192182410424
0 0.5745454545454546 0.026058631921824105 0.5127272727272727 0.026058631921824105 0.5127272727272727 0.0749185667752443 0.5745454545454546 0.0749185667752443 0.5745454545454546 0.026058631921824105
0 0.14181818181818182 0.42996742671009774 0.08363636363636363 0.42996742671009774 0.08363636363636363 0.49185667752442996 0.14181818181818182 0.49185667752442996 0.14181818181818182 0.42996742671009774
0 0.6218181818181818 0.28338762214983715 0.56 0.28338762214983715 0.56 0.34201954397394135 0.6218181818181818 0.34201954397394135 0.6218181818181818 0.28338762214983715
0 0.11636363636363636 0.8078175895765473 0.06181818181818182 0.8078175895765473 0.06181818181818182 0.8501628664495114 0.11636363636363636 0.8501628664495114 0.11636363636363636 0.8078175895765473
0 0.5527272727272727 0.3322475570032573 0.49454545454545457 0.3322475570032573 0.49454545454545457 0.39087947882736157 0.5527272727272727 0.39087947882736157 0.5527272727272727 0.3322475570032573
0 0.9527272727272728 0.9348534201954397 0.8945454545454545 0.9348534201954397 0.8945454545454545 0.993485342019544 0.9527272727272728 0.993485342019544 0.9527272727272728 0.9348534201954397
0 0.41454545454545455 0.9315960912052117 0.3527272727272727 0.9315960912052117 0.3527272727272727 0.9804560260586319 0.41454545454545455 0.9804560260586319 0.41454545454545455 0.9315960912052117
0 0.8727272727272727 0.0781758957654723 0.8145454545454546 0.0781758957654723 0.8145454545454546 0.1270358306188925 0.8727272727272727 0.1270358306188925 0.8727272727272727 0.0781758957654723
0 0.3709090909090909 0.3811074918566775 0.31636363636363635 0.3811074918566775 0.31636363636363635 0.43973941368078173 0.3709090909090909 0.43973941368078173 0.3709090909090909 0.3811074918566775
0 0.3018181818181818 0.7361563517915309 0.2509090909090909 0.7361563517915309 0.2509090909090909 0.8013029315960912 0.3018181818181818 0.8013029315960912 0.3018181818181818 0.7361563517915309
0 0.7818181818181819 0.8175895765472313 0.72 0.8175895765472313 0.72 0.8697068403908795 0.7818181818181819 0.8697068403908795 0.7818181818181819 0.8175895765472313
0 0.9745454545454545 0.5928338762214984 0.9127272727272727 0.5928338762214984 0.9127272727272727 0.6644951140065146 0.9745454545454545 0.6644951140065146 0.9745454545454545 0.5928338762214984
0 0.36363636363636365 0.49185667752442996 0.31272727272727274 0.49185667752442996 0.31272727272727274 0.5407166123778502 0.36363636363636365 0.5407166123778502 0.36363636363636365 0.49185667752442996
0 0.43272727272727274 0.3355048859934853 0.37454545454545457 0.3355048859934853 0.37454545454545457 0.38436482084690554 0.43272727272727274 0.38436482084690554 0.43272727272727274 0.3355048859934853
0 0.6727272727272727 0.46905537459283386 0.6145454545454545 0.46905537459283386 0.6145454545454545 0.5407166123778502 0.6727272727272727 0.5407166123778502 0.6727272727272727 0.46905537459283386
0 0.03636363636363636 0.09771986970684039 0 0.09771986970684039 0 0.15309446254071662 0.03636363636363636 0.15309446254071662 0.03636363636363636 0.09771986970684039
0 0.7345454545454545 0.5732899022801303 0.6654545454545454 0.5732899022801303 0.6654545454545454 0.6254071661237784 0.7345454545454545 0.6254071661237784 0.7345454545454545 0.5732899022801303
0 0.9927272727272727 0.7687296416938111 0.9636363636363636 0.7687296416938111 0.9636363636363636 0.8175895765472313 0.9927272727272727 0.8175895765472313 0.9927272727272727 0.7687296416938111
0 0.9127272727272727 0.5798045602605864 0.8618181818181818 0.5798045602605864 0.8618181818181818 0.6482084690553745 0.9127272727272727 0.6482084690553745 0.9127272727272727 0.5798045602605864
0 0.28363636363636363 0.9185667752442996 0.23636363636363636 0.9185667752442996 0.23636363636363636 0.9837133550488599 0.28363636363636363 0.9837133550488599 0.28363636363636363 0.9185667752442996
0 0.49454545454545457 0.4234527687296417 0.43272727272727274 0.4234527687296417 0.43272727272727274 0.49185667752442996 0.49454545454545457 0.49185667752442996 0.49454545454545457 0.4234527687296417
0 0.7418181818181818 0.4788273615635179 0.68 0.4788273615635179 0.68 0.5504885993485342 0.7418181818181818 0.5504885993485342 0.7418181818181818 0.4788273615635179
0 0.15272727272727274 0.16612377850162866 0.09454545454545454 0.16612377850162866 0.09454545454545454 0.21498371335504887 0.15272727272727274 0.21498371335504887 0.15272727272727274 0.16612377850162866
0 0.7454545454545455 0 0.6909090909090909 0 0.6909090909090909 0.04234527687296417 0.7454545454545455 0.04234527687296417 0.7454545454545455 0
0 0.2545454545454545 0.495114006514658 0.2 0.495114006514658 0.2 0.5504885993485342 0.2545454545454545 0.5504885993485342 0.2545454545454545 0.495114006514658
0 0.5018181818181818 0.18892508143322476 0.44363636363636366 0.18892508143322476 0.44363636363636366 0.23778501628664495 0.5018181818181818 0.23778501628664495 0.5018181818181818 0.18892508143322476
0 0.68 0.2280130293159609 0.6218181818181818 0.2280130293159609 0.6218181818181818 0.28338762214983715 0.68 0.28338762214983715 0.68 0.2280130293159609
0 0.28 0.003257328990228013 0.23272727272727273 0.003257328990228013 0.23272727272727273 0.06514657980456026 0.28 0.06514657980456026 0.28 0.003257328990228013
0 0.4254545454545455 0.5407166123778502 0.3709090909090909 0.5407166123778502 0.3709090909090909 0.6026058631921825 0.4254545454545455 0.6026058631921825 0.4254545454545455 0.5407166123778502
0 0.6218181818181818 0.3485342019543974 0.5527272727272727 0.3485342019543974 0.5527272727272727 0.4201954397394137 0.6218181818181818 0.4201954397394137 0.6218181818181818 0.3485342019543974
0 0.7236363636363636 0.6872964169381107 0.6654545454545454 0.6872964169381107 0.6654545454545454 0.7361563517915309 0.7236363636363636 0.7361563517915309 0.7236363636363636 0.6872964169381107
0 0.2545454545454545 0.5765472312703583 0.19272727272727272 0.5765472312703583 0.19272727272727272 0.6286644951140065 0.2545454545454545 0.6286644951140065 0.2545454545454545 0.5765472312703583
0 0.4727272727272727 0.8338762214983714 0.4218181818181818 0.8338762214983714 0.4218181818181818 0.8697068403908795 0.4727272727272727 0.8697068403908795 0.4727272727272727 0.8338762214983714
0 0.9418181818181818 0.13680781758957655 0.8727272727272727 0.13680781758957655 0.8727272727272727 0.1986970684039088 0.9418181818181818 0.1986970684039088 0.9418181818181818 0.13680781758957655
0 0.9927272727272727 0.0781758957654723 0.9418181818181818 0.0781758957654723 0.9418181818181818 0.14006514657980457 0.9927272727272727 0.14006514657980457 0.9927272727272727 0.0781758957654723
0 0.38181818181818183 0.28338762214983715 0.3236363636363636 0.28338762214983715 0.3236363636363636 0.3355048859934853 0.38181818181818183 0.3355048859934853 0.38181818181818183 0.28338762214983715
0 0.5418181818181819 0.38436482084690554 0.49454545454545457 0.38436482084690554 0.49454545454545457 0.44299674267100975 0.5418181818181819 0.44299674267100975 0.5418181818181819 0.38436482084690554
0 0.7454545454545455 0.2964169381107492 0.6836363636363636 0.2964169381107492 0.6836363636363636 0.3745928338762215 0.7454545454545455 0.3745928338762215 0.7454545454545455 0.2964169381107492
0 0.9927272727272727 0.1758957654723127 0.9418181818181818 0.1758957654723127 0.9418181818181818 0.24429967426710097 0.9927272727272727 0.24429967426710097 0.9927272727272727 0.1758957654723127
0 0.8618181818181818 0.5179153094462541 0.7927272727272727 0.5179153094462541 0.7927272727272727 0.5863192182410424 0.8618181818181818 0.5863192182410424 0.8618181818181818 0.5179153094462541
0 0.9927272727272727 0.9446254071661238 0.9527272727272728 0.9446254071661238 0.9527272727272728 0.993485342019544 0.9927272727272727 0.993485342019544 0.9927272727272727 0.9446254071661238
0 0.68 0.3322475570032573 0.6218181818181818 0.3322475570032573 0.6218181818181818 0.3941368078175896 0.68 0.3941368078175896 0.68 0.3322475570032573
0 0.13454545454545455 0.5439739413680782 0.07272727272727272 0.5439739413680782 0.07272727272727272 0.5895765472312704 0.13454545454545455 0.5895765472312704 0.13454545454545455 0.5439739413680782
0 0.9309090909090909 0.3257328990228013 0.8618181818181818 0.3257328990228013 0.8618181818181818 0.39087947882736157 0.9309090909090909 0.39087947882736157 0.9309090909090909 0.3257328990228013
0 0.8218181818181818 0.9446254071661238 0.7636363636363637 0.9446254071661238 0.7636363636363637 0.993485342019544 0.8218181818181818 0.993485342019544 0.8218181818181818 0.9446254071661238
0 0.03272727272727273 0.2736156351791531 0 0.2736156351791531 0 0.34527687296416937 0.03272727272727273 0.34527687296416937 0.03272727272727273 0.2736156351791531
0 0.6836363636363636 0.0749185667752443 0.6327272727272727 0.0749185667752443 0.6327272727272727 0.1237785016286645 0.6836363636363636 0.1237785016286645 0.6836363636363636 0.0749185667752443
0 0.9927272727272727 0.8794788273615635 0.9563636363636364 0.8794788273615635 0.9563636363636364 0.9315960912052117 0.9927272727272727 0.9315960912052117 0.9927272727272727 0.8794788273615635
0 0.9927272727272727 0.3811074918566775 0.9236363636363636 0.3811074918566775 0.9236363636363636 0.44625407166123776 0.9927272727272727 0.44625407166123776 0.9927272727272727 0.3811074918566775
0 0.05090909090909091 0.9674267100977199 0 0.9674267100977199 0 0.993485342019544 0.05090909090909091 0.993485342019544 0.05090909090909091 0.9674267100977199
0 0.9236363636363636 0.4201954397394137 0.8618181818181818 0.4201954397394137 0.8618181818181818 0.49185667752442996 0.9236363636363636 0.49185667752442996 0.9236363636363636 0.4201954397394137
0 0.56 0.18566775244299674 0.5054545454545455 0.18566775244299674 0.5054545454545455 0.247557003257329 0.56 0.247557003257329 0.56 0.18566775244299674
0 0.3018181818181818 0.8110749185667753 0.2509090909090909 0.8110749185667753 0.2509090909090909 0.8501628664495114 0.3018181818181818 0.8501628664495114 0.3018181818181818 0.8110749185667753
0 0.8145454545454546 0 0.7527272727272727 0 0.7527272727272727 0.03257328990228013 0.8145454545454546 0.03257328990228013 0.8145454545454546 0
0 0.9309090909090909 0.2247557003257329 0.8654545454545455 0.2247557003257329 0.8654545454545455 0.28338762214983715 0.9309090909090909 0.28338762214983715 0.9309090909090909 0.2247557003257329
0 0.03272727272727273 0.04234527687296417 0 0.04234527687296417 0 0.09120521172638436 0.03272727272727273 0.09120521172638436 0.03272727272727273 0.04234527687296417
0 0.8545454545454545 0.6384364820846905 0.7927272727272727 0.6384364820846905 0.7927272727272727 0.7003257328990228 0.8545454545454545 0.7003257328990228 0.8545454545454545 0.6384364820846905
0 0.2109090909090909 0.16286644951140064 0.15272727272727274 0.16286644951140064 0.15272727272727274 0.2247557003257329 0.2109090909090909 0.2247557003257329 0.2109090909090909 0.16286644951140064
0 0.9236363636363636 0.495114006514658 0.8545454545454545 0.495114006514658 0.8545454545454545 0.5765472312703583 0.9236363636363636 0.5765472312703583 0.9236363636363636 0.495114006514658
0 0.07272727272727272 0.5407166123778502 0.014545454545454545 0.5407166123778502 0.014545454545454545 0.6254071661237784 0.07272727272727272 0.6254071661237784 0.07272727272727272 0.5407166123778502
0 0.9927272727272727 0.8241042345276873 0.9563636363636364 0.8241042345276873 0.9563636363636364 0.8794788273615635 0.9927272727272727 0.8794788273615635 0.9927272727272727 0.8241042345276873
0 0.21454545454545454 0.9543973941368078 0.16363636363636364 0.9543973941368078 0.16363636363636364 0.993485342019544 0.21454545454545454 0.993485342019544 0.21454545454545454 0.9543973941368078
0 0.9927272727272727 0.44625407166123776 0.92 0.44625407166123776 0.92 0.5179153094462541 0.9927272727272727 0.5179153094462541 0.9927272727272727 0.44625407166123776
0 0.6218181818181818 0.14006514657980457 0.5709090909090909 0.14006514657980457 0.5709090909090909 0.18566775244299674 0.6218181818181818 0.18566775244299674 0.6218181818181818 0.14006514657980457
0 0.9927272727272727 0.7035830618892508 0.9636363636363636 0.7035830618892508 0.9636363636363636 0.758957654723127 0.9927272727272727 0.758957654723127 0.9927272727272727 0.7035830618892508
0 0.5236363636363637 0.9771986970684039 0.48363636363636364 0.9771986970684039 0.48363636363636364 0.993485342019544 0.5236363636363637 0.993485342019544 0.5236363636363637 0.9771986970684039
0 0.4254545454545455 0.6026058631921825 0.3709090909090909 0.6026058631921825 0.3709090909090909 0.6742671009771987 0.4254545454545455 0.6742671009771987 0.4254545454545455 0.6026058631921825
0 0.4218181818181818 0.739413680781759 0.37454545454545457 0.739413680781759 0.37454545454545457 0.7980456026058632 0.4218181818181818 0.7980456026058632 0.4218181818181818 0.739413680781759
0 0.03272727272727273 0.15309446254071662 0 0.15309446254071662 0 0.21498371335504887 0.03272727272727273 0.21498371335504887 0.03272727272727273 0.15309446254071662
0 0.5345454545454545 0.28664495114006516 0.5163636363636364 0.28664495114006516 0.5163636363636364 0.30944625407166126 0.5345454545454545 0.30944625407166126 0.5345454545454545 0.28664495114006516