0 0.35294117647058826 0.7883211678832117 0.3 0.7883211678832117 0.3 0.8467153284671532 0.35294117647058826 0.8467153284671532 0.35294117647058826 0.7883211678832117
0 0.47058823529411764 0.781021897810219 0.4176470588235294 0.781021897810219 0.4176470588235294 0.8467153284671532 0.47058823529411764 0.8467153284671532 0.47058823529411764 0.781021897810219
0 0.7058823529411765 0.41605839416058393 0.6529411764705882 0.41605839416058393 0.6529411764705882 0.4744525547445255 0.7058823529411765 0.4744525547445255 0.7058823529411765 0.41605839416058393
0 0.40588235294117647 0.7153284671532847 0.34705882352941175 0.7153284671532847 0.34705882352941175 0.7737226277372263 0.40588235294117647 0.7737226277372263 0.40588235294117647 0.7153284671532847
0 0.7058823529411765 0.34306569343065696 0.6529411764705882 0.34306569343065696 0.6529411764705882 0.40875912408759124 0.7058823529411765 0.40875912408759124 0.7058823529411765 0.34306569343065696
0 0.47058823529411764 0.7153284671532847 0.40588235294117647 0.7153284671532847 0.40588235294117647 0.7737226277372263 0.47058823529411764 0.7737226277372263 0.47058823529411764 0.7153284671532847
0 0.22941176470588234 0.948905109489051 0.17058823529411765 0.948905109489051 0.17058823529411765 0.9854014598540146 0.22941176470588234 0.9854014598540146 0.22941176470588234 0.948905109489051
0 0.34705882352941175 0.7226277372262774 0.3 0.7226277372262774 0.3 0.781021897810219 0.34705882352941175 0.781021897810219 0.34705882352941175 0.7226277372262774
0 0.5235294117647059 0.8613138686131386 0.47058823529411764 0.8613138686131386 0.47058823529411764 0.9416058394160584 0.5235294117647059 0.9416058394160584 0.5235294117647059 0.8613138686131386
0 0.6 0.41605839416058393 0.5411764705882353 0.41605839416058393 0.5411764705882353 0.4744525547445255 0.6 0.4744525547445255 0.6 0.41605839416058393
0 0.3 0.7226277372262774 0.2235294117647059 0.7226277372262774 0.2235294117647059 0.7883211678832117 0.3 0.7883211678832117 0.3 0.7226277372262774
0 0.27647058823529413 0.5474452554744526 0.2235294117647059 0.5474452554744526 0.2235294117647059 0.6131386861313869 0.27647058823529413 0.6131386861313869 0.27647058823529413 0.5474452554744526
0 0.7647058823529411 0.34306569343065696 0.7176470588235294 0.34306569343065696 0.7176470588235294 0.40145985401459855 0.7647058823529411 0.40145985401459855 0.7647058823529411 0.34306569343065696
0 0.1 0.5766423357664233 0.047058823529411764 0.5766423357664233 0.047058823529411764 0.6496350364963503 0.1 0.6496350364963503 0.1 0.5766423357664233
0 0.4176470588235294 0.9197080291970803 0.35294117647058826 0.9197080291970803 0.35294117647058826 0.9854014598540146 0.4176470588235294 0.9854014598540146 0.4176470588235294 0.9197080291970803
0 0.7705882352941177 0.043795620437956206 0.7 0.043795620437956206 0.7 0.10218978102189781 0.7705882352941177 0.10218978102189781 0.7705882352941177 0.043795620437956206
0 0.17058823529411765 0.9416058394160584 0.12352941176470589 0.9416058394160584 0.12352941176470589 0.9854014598540146 0.17058823529411765 0.9854014598540146 0.17058823529411765 0.9416058394160584
0 0.17058823529411765 0.46715328467153283 0.1 0.46715328467153283 0.1 0.5474452554744526 0.17058823529411765 0.5474452554744526 0.17058823529411765 0.46715328467153283
0 0.17058823529411765 0.8029197080291971 0.11764705882352941 0.8029197080291971 0.11764705882352941 0.8540145985401459 0.17058823529411765 0.8540145985401459 0.17058823529411765 0.8029197080291971
0 0.3 0.7883211678832117 0.22941176470588234 0.7883211678832117 0.22941176470588234 0.8540145985401459 0.3 0.8540145985401459 0.3 0.7883211678832117
0 0.4176470588235294 0.7883211678832117 0.36470588235294116 0.7883211678832117 0.36470588235294116 0.8540145985401459 0.4176470588235294 0.8540145985401459 0.4176470588235294 0.7883211678832117
0 0.5294117647058824 0.781021897810219 0.4764705882352941 0.781021897810219 0.4764705882352941 0.8467153284671532 0.5294117647058824 0.8467153284671532 0.5294117647058824 0.781021897810219
0 0.5235294117647059 0.41605839416058393 0.47058823529411764 0.41605839416058393 0.47058823529411764 0.4744525547445255 0.5235294117647059 0.4744525547445255 0.5235294117647059 0.41605839416058393
0 0.17058823529411765 0.5766423357664233 0.10588235294117647 0.5766423357664233 0.10588235294117647 0.6423357664233577 0.17058823529411765 0.6423357664233577 0.17058823529411765 0.5766423357664233
0 0.5882352941176471 0.9416058394160584 0.5294117647058824 0.9416058394160584 0.5294117647058824 0.9854014598540146 0.5882352941176471 0.9854014598540146 0.5882352941176471 0.9416058394160584
0 0.22941176470588234 0.8686131386861314 0.17058823529411765 0.8686131386861314 0.17058823529411765 0.948905109489051 0.22941176470588234 0.948905109489051 0.22941176470588234 0.8686131386861314
0 0.7 0.5693430656934306 0.6529411764705882 0.5693430656934306 0.6529411764705882 0.635036496350365 0.7 0.635036496350365 0.7 0.5693430656934306
0 0.5941176470588235 0.8686131386861314 0.5411764705882353 0.8686131386861314 0.5411764705882353 0.9416058394160584 0.5941176470588235 0.9416058394160584 0.5941176470588235 0.8686131386861314
0 0.34705882352941175 0.41605839416058393 0.27647058823529413 0.41605839416058393 0.27647058823529413 0.48175182481751827 0.34705882352941175 0.48175182481751827 0.34705882352941175 0.41605839416058393
0 0.7 0.043795620437956206 0.6470588235294118 0.043795620437956206 0.6470588235294118 0.10218978102189781 0.7 0.10218978102189781 0.7 0.043795620437956206
0 0.6470588235294118 0.5620437956204379 0.6 0.5620437956204379 0.6 0.635036496350365 0.6470588235294118 0.635036496350365 0.6470588235294118 0.5620437956204379
0 0.2235294117647059 0.7883211678832117 0.17058823529411765 0.7883211678832117 0.17058823529411765 0.8540145985401459 0.2235294117647059 0.8540145985401459 0.2235294117647059 0.7883211678832117
0 0.7058823529411765 0.11678832116788321 0.6470588235294118 0.11678832116788321 0.6470588235294118 0.18248175182481752 0.7058823529411765 0.18248175182481752 0.7058823529411765 0.11678832116788321
0 0.7705882352941177 0 0.7058823529411765 0 0.7058823529411765 0.043795620437956206 0.7705882352941177 0.043795620437956206 0.7705882352941177 0
0 0.6470588235294118 0.34306569343065696 0.6 0.34306569343065696 0.6 0.40875912408759124 0.6470588235294118 0.40875912408759124 0.6470588235294118 0.34306569343065696
0 0.08823529411764706 0 0.041176470588235294 0 0.041176470588235294 0.0364963503649635 0.08823529411764706 0.0364963503649635 0.08823529411764706 0
0 0.5294117647058824 0.948905109489051 0.48823529411764705 0.948905109489051 0.48823529411764705 0.9854014598540146 0.5294117647058824 0.9854014598540146 0.5294117647058824 0.948905109489051
0 0.47058823529411764 0.8613138686131386 0.4176470588235294 0.8613138686131386 0.4176470588235294 0.9416058394160584 0.47058823529411764 0.9416058394160584 0.47058823529411764 0.8613138686131386
0 0.29411764705882354 0.948905109489051 0.2411764705882353 0.948905109489051 0.2411764705882353 0.9854014598540146 0.29411764705882354 0.9854014598540146 0.29411764705882354 0.948905109489051
0 0.16470588235294117 0.021897810218978103 0.09411764705882353 0.021897810218978103 0.09411764705882353 0.08029197080291971 0.16470588235294117 0.08029197080291971 0.16470588235294117 0.021897810218978103
0 0.7529411764705882 0.25547445255474455 0.7058823529411765 0.25547445255474455 0.7058823529411765 0.3357664233576642 0.7529411764705882 0.3357664233576642 0.7529411764705882 0.25547445255474455
0 0.888235294117647 0.948905109489051 0.8235294117647058 0.948905109489051 0.8235294117647058 0.9854014598540146 0.888235294117647 0.9854014598540146 0.888235294117647 0.948905109489051
0 0.2235294117647059 0.7372262773722628 0.17058823529411765 0.7372262773722628 0.17058823529411765 0.7883211678832117 0.2235294117647059 0.7883211678832117 0.2235294117647059 0.7372262773722628
0 0.5235294117647059 0.7226277372262774 0.47058823529411764 0.7226277372262774 0.47058823529411764 0.781021897810219 0.5235294117647059 0.781021897810219 0.5235294117647059 0.7226277372262774
0 0.5235294117647059 0.48175182481751827 0.47058823529411764 0.48175182481751827 0.47058823529411764 0.5474452554744526 0.5235294117647059 0.5474452554744526 0.5235294117647059 0.48175182481751827
0 0.6411764705882353 0.10948905109489052 0.5941176470588235 0.10948905109489052 0.5941176470588235 0.16058394160583941 0.6411764705882353 0.16058394160583941 0.6411764705882353 0.10948905109489052
0 0.5235294117647059 0.6277372262773723 0.4764705882352941 0.6277372262773723 0.4764705882352941 0.6788321167883211 0.5235294117647059 0.6788321167883211 0.5235294117647059 0.6277372262773723
0 0.34705882352941175 0.3284671532846715 0.28823529411764703 0.3284671532846715 0.28823529411764703 0.40145985401459855 0.34705882352941175 0.40145985401459855 0.34705882352941175 0.3284671532846715
0 0.4176470588235294 0.6277372262773723 0.34705882352941175 0.6277372262773723 0.34705882352941175 0.6861313868613139 0.4176470588235294 0.6861313868613139 0.4176470588235294 0.6277372262773723
0 0.34705882352941175 0.021897810218978103 0.27058823529411763 0.021897810218978103 0.27058823529411763 0.08029197080291971 0.34705882352941175 0.08029197080291971 0.34705882352941175 0.021897810218978103
0 0.2235294117647059 0.46715328467153283 0.17058823529411765 0.46715328467153283 0.17058823529411765 0.5401459854014599 0.2235294117647059 0.5401459854014599 0.2235294117647059 0.46715328467153283
0 0.7058823529411765 0 0.6470588235294118 0 0.6470588235294118 0.043795620437956206 0.7058823529411765 0.043795620437956206 0.7058823529411765 0
0 0.8176470588235294 0.043795620437956206 0.7705882352941177 0.043795620437956206 0.7705882352941177 0.10948905109489052 0.8176470588235294 0.10948905109489052 0.8176470588235294 0.043795620437956206
0 0.2235294117647059 0.5474452554744526 0.17058823529411765 0.5474452554744526 0.17058823529411765 0.6131386861313869 0.2235294117647059 0.6131386861313869 0.2235294117647059 0.5474452554744526
0 0.5235294117647059 0.20437956204379562 0.47058823529411764 0.20437956204379562 0.47058823529411764 0.25547445255474455 0.5235294117647059 0.25547445255474455 0.5235294117647059 0.20437956204379562
0 0.47058823529411764 0.18248175182481752 0.4 0.18248175182481752 0.4 0.26277372262773724 0.47058823529411764 0.26277372262773724 0.47058823529411764 0.18248175182481752
0 0.5764705882352941 0.16058394160583941 0.5294117647058824 0.16058394160583941 0.5294117647058824 0.24087591240875914 0.5764705882352941 0.24087591240875914 0.5764705882352941 0.16058394160583941
0 0.36470588235294116 0.9197080291970803 0.29411764705882354 0.9197080291970803 0.29411764705882354 0.9854014598540146 0.36470588235294116 0.9854014598540146 0.36470588235294116 0.9197080291970803
0 0.27058823529411763 0.08759124087591241 0.2235294117647059 0.08759124087591241 0.2235294117647059 0.16058394160583941 0.27058823529411763 0.16058394160583941 0.27058823529411763 0.08759124087591241
0 0.27647058823529413 0.4744525547445255 0.2235294117647059 0.4744525547445255 0.2235294117647059 0.5401459854014599 0.27647058823529413 0.5401459854014599 0.27647058823529413 0.4744525547445255
0 0.47058823529411764 0.6277372262773723 0.4176470588235294 0.6277372262773723 0.4176470588235294 0.6861313868613139 0.47058823529411764 0.6861313868613139 0.47058823529411764 0.6277372262773723
0 0.5764705882352941 0.10218978102189781 0.5294117647058824 0.10218978102189781 0.5294117647058824 0.16058394160583941 0.5764705882352941 0.16058394160583941 0.5764705882352941 0.10218978102189781
0 0.8235294117647058 0.948905109489051 0.7705882352941177 0.948905109489051 0.7705882352941177 0.9854014598540146 0.8235294117647058 0.9854014598540146 0.8235294117647058 0.948905109489051
0 0.17058823529411765 0.6861313868613139 0.10588235294117647 0.6861313868613139 0.10588235294117647 0.7591240875912408 0.17058823529411765 0.7591240875912408 0.17058823529411765 0.6861313868613139
0 0.47058823529411764 0.46715328467153283 0.4176470588235294 0.46715328467153283 0.4176470588235294 0.5474452554744526 0.47058823529411764 0.5474452554744526 0.47058823529411764 0.46715328467153283
0 0.21764705882352942 0 0.16470588235294117 0 0.16470588235294117 0.072992700729927 0.21764705882352942 0.072992700729927 0.21764705882352942 0
0 0.6470588235294118 0.40875912408759124 0.6 0.40875912408759124 0.6 0.46715328467153283 0.6470588235294118 0.46715328467153283 0.6470588235294118 0.40875912408759124
0 0.3 0.6423357664233577 0.2235294117647059 0.6423357664233577 0.2235294117647059 0.7226277372262774 0.3 0.7226277372262774 0.3 0.6423357664233577
0 0.5882352941176471 0 0.5294117647058824 0 0.5294117647058824 0.043795620437956206 0.5882352941176471 0.043795620437956206 0.5882352941176471 0
0 0.47058823529411764 0.26277372262773724 0.4 0.26277372262773724 0.4 0.34306569343065696 0.47058823529411764 0.34306569343065696 0.47058823529411764 0.26277372262773724
0 0.4 0.1678832116788321 0.34705882352941175 0.1678832116788321 0.34705882352941175 0.24087591240875914 0.4 0.24087591240875914 0.4 0.1678832116788321
0 0.7 0.25547445255474455 0.6529411764705882 0.25547445255474455 0.6529411764705882 0.3357664233576642 0.7 0.3357664233576642 0.7 0.25547445255474455
0 0.6411764705882353 0 0.5941176470588235 0 0.5941176470588235 0.043795620437956206 0.6411764705882353 0.043795620437956206 0.6411764705882353 0
0 0.888235294117647 0.8029197080291971 0.8235294117647058 0.8029197080291971 0.8235294117647058 0.8686131386861314 0.888235294117647 0.8686131386861314 0.888235294117647 0.8029197080291971
0 0.34705882352941175 0.48905109489051096 0.28823529411764703 0.48905109489051096 0.28823529411764703 0.5547445255474452 0.34705882352941175 0.5547445255474452 0.34705882352941175 0.48905109489051096
0 0.28823529411764703 0.34306569343065696 0.2235294117647059 0.34306569343065696 0.2235294117647059 0.40875912408759124 0.28823529411764703 0.40875912408759124 0.28823529411764703 0.34306569343065696
0 0.029411764705882353 0 0 0 0 0.043795620437956206 0.029411764705882353 0.043795620437956206 0.029411764705882353 0
0 0.12352941176470589 0.9416058394160584 0.047058823529411764 0.9416058394160584 0.047058823529411764 0.9854014598540146 0.12352941176470589 0.9854014598540146 0.12352941176470589 0.9416058394160584