0 0.5149501661129569 0.15492957746478872 0.48172757475083056 0.15492957746478872 0.48172757475083056 0.2112676056338028 0.5149501661129569 0.2112676056338028 0.5149501661129569 0.15492957746478872
0 0.3222591362126246 0.6619718309859155 0.28903654485049834 0.6619718309859155 0.28903654485049834 0.7183098591549296 0.3222591362126246 0.7183098591549296 0.3222591362126246 0.6619718309859155
0 0.4418604651162791 0.15492957746478872 0.4119601328903654 0.15492957746478872 0.4119601328903654 0.2112676056338028 0.4418604651162791 0.2112676056338028 0.4418604651162791 0.15492957746478872
0 0.5415282392026578 0.8169014084507042 0.5016611295681063 0.8169014084507042 0.5016611295681063 0.8802816901408451 0.5415282392026578 0.8802816901408451 0.5415282392026578 0.8169014084507042
0 0.5681063122923588 0.15492957746478872 0.5182724252491694 0.15492957746478872 0.5182724252491694 0.2112676056338028 0.5681063122923588 0.2112676056338028 0.5681063122923588 0.15492957746478872
0 0.3754152823920266 0.30985915492957744 0.33554817275747506 0.30985915492957744 0.33554817275747506 0.38028169014084506 0.3754152823920266 0.38028169014084506 0.3754152823920266 0.30985915492957744
0 0.5016611295681063 0.5 0.4684385382059801 0.5 0.4684385382059801 0.5563380281690141 0.5016611295681063 0.5563380281690141 0.5016611295681063 0.5
0 0.3222591362126246 0.8169014084507042 0.27906976744186046 0.8169014084507042 0.27906976744186046 0.8802816901408451 0.3222591362126246 0.8802816901408451 0.3222591362126246 0.8169014084507042
0 0.1893687707641196 0.7816901408450704 0.1461794019933555 0.7816901408450704 0.1461794019933555 0.8450704225352113 0.1893687707641196 0.8450704225352113 0.1893687707641196 0.7816901408450704
0 0.292358803986711 0.4859154929577465 0.2591362126245847 0.4859154929577465 0.2591362126245847 0.5563380281690141 0.292358803986711 0.5563380281690141 0.292358803986711 0.4859154929577465
0 0.3654485049833887 0.8169014084507042 0.32558139534883723 0.8169014084507042 0.32558139534883723 0.8802816901408451 0.3654485049833887 0.8802816901408451 0.3654485049833887 0.8169014084507042
0 0.9700996677740864 0.8732394366197183 0.9136212624584718 0.8732394366197183 0.9136212624584718 0.9436619718309859 0.9700996677740864 0.9436619718309859 0.9700996677740864 0.8732394366197183
0 0.4717607973421927 0.8098591549295775 0.43853820598006643 0.8098591549295775 0.43853820598006643 0.8732394366197183 0.4717607973421927 0.8732394366197183 0.4717607973421927 0.8098591549295775
0 0.6212624584717608 0.15492957746478872 0.5813953488372093 0.15492957746478872 0.5813953488372093 0.21830985915492956 0.6212624584717608 0.21830985915492956 0.6212624584717608 0.15492957746478872
0 0.47840531561461797 0.15492957746478872 0.4418604651162791 0.15492957746478872 0.4418604651162791 0.2112676056338028 0.47840531561461797 0.2112676056338028 0.47840531561461797 0.15492957746478872
0 0.6744186046511628 0.8169014084507042 0.627906976744186 0.8169014084507042 0.627906976744186 0.8943661971830986 0.6744186046511628 0.8943661971830986 0.6744186046511628 0.8169014084507042
0 0.1362126245847176 0.6901408450704225 0.08970099667774087 0.6901408450704225 0.08970099667774087 0.7535211267605634 0.1362126245847176 0.7535211267605634 0.1362126245847176 0.6901408450704225
0 0.24916943521594684 0.8028169014084507 0.2026578073089701 0.8028169014084507 0.2026578073089701 0.8661971830985915 0.24916943521594684 0.8661971830985915 0.24916943521594684 0.8028169014084507
0 0.8106312292358804 0.2676056338028169 0.7574750830564784 0.2676056338028169 0.7574750830564784 0.33098591549295775 0.8106312292358804 0.33098591549295775 0.8106312292358804 0.2676056338028169
0 0.04318936877076412 0.7746478873239436 0.009966777408637873 0.7746478873239436 0.009966777408637873 0.8380281690140845 0.04318936877076412 0.8380281690140845 0.04318936877076412 0.7746478873239436
0 0.5249169435215947 0 0.4850498338870432 0 0.4850498338870432 0.028169014084507043 0.5249169435215947 0.028169014084507043 0.5249169435215947 0
0 0.40863787375415284 0.49295774647887325 0.3654485049833887 0.49295774647887325 0.3654485049833887 0.5563380281690141 0.40863787375415284 0.5563380281690141 0.40863787375415284 0.49295774647887325
0 0.32558139534883723 0.49295774647887325 0.292358803986711 0.49295774647887325 0.292358803986711 0.5563380281690141 0.32558139534883723 0.5563380281690141 0.32558139534883723 0.49295774647887325
0 0.7973421926910299 0.8380281690140845 0.760797342192691 0.8380281690140845 0.760797342192691 0.9084507042253521 0.7973421926910299 0.9084507042253521 0.7973421926910299 0.8380281690140845
0 0.4152823920265781 0 0.3787375415282392 0 0.3787375415282392 0.035211267605633804 0.4152823920265781 0.035211267605633804 0.4152823920265781 0
0 0.6744186046511628 0.5 0.6411960132890365 0.5 0.6411960132890365 0.5563380281690141 0.6744186046511628 0.5563380281690141 0.6744186046511628 0.5
0 0.46511627906976744 0.4859154929577465 0.4152823920265781 0.4859154929577465 0.4152823920265781 0.5563380281690141 0.46511627906976744 0.5563380281690141 0.46511627906976744 0.4859154929577465
0 0.2292358803986711 0.4647887323943662 0.1893687707641196 0.4647887323943662 0.1893687707641196 0.528169014084507 0.2292358803986711 0.528169014084507 0.2292358803986711 0.4647887323943662
0 0.40863787375415284 0.15492957746478872 0.3754152823920266 0.15492957746478872 0.3754152823920266 0.2112676056338028 0.40863787375415284 0.2112676056338028 0.40863787375415284 0.15492957746478872
0 0.1362126245847176 0.7746478873239436 0.09634551495016612 0.7746478873239436 0.09634551495016612 0.8380281690140845 0.1362126245847176 0.8380281690140845 0.1362126245847176 0.7746478873239436
0 0.6179401993355482 0.33098591549295775 0.574750830564784 0.33098591549295775 0.574750830564784 0.38028169014084506 0.6179401993355482 0.38028169014084506 0.6179401993355482 0.33098591549295775
0 0.3687707641196013 0.14788732394366197 0.33554817275747506 0.14788732394366197 0.33554817275747506 0.20422535211267606 0.3687707641196013 0.20422535211267606 0.3687707641196013 0.14788732394366197
0 0.40863787375415284 0.8098591549295775 0.3687707641196013 0.8098591549295775 0.3687707641196013 0.8802816901408451 0.40863787375415284 0.8802816901408451 0.40863787375415284 0.8098591549295775
0 0.7342192691029901 0.8380281690140845 0.6943521594684385 0.8380281690140845 0.6943521594684385 0.9014084507042254 0.7342192691029901 0.9014084507042254 0.7342192691029901 0.8380281690140845
0 0.45182724252491696 0 0.4152823920265781 0 0.4152823920265781 0.035211267605633804 0.45182724252491696 0.035211267605633804 0.45182724252491696 0
0 0.34219269102990035 0.21830985915492956 0.27906976744186046 0.21830985915492956 0.27906976744186046 0.2887323943661972 0.34219269102990035 0.2887323943661972 0.34219269102990035 0.21830985915492956
0 0.6146179401993356 0.8169014084507042 0.5714285714285714 0.8169014084507042 0.5714285714285714 0.8802816901408451 0.6146179401993356 0.8802816901408451 0.6146179401993356 0.8169014084507042
0 0.9102990033222591 0.8732394366197183 0.867109634551495 0.8732394366197183 0.867109634551495 0.9366197183098591 0.9102990033222591 0.9366197183098591 0.9102990033222591 0.8732394366197183
0 0.8205980066445183 0 0.7740863787375415 0 0.7740863787375415 0.056338028169014086 0.8205980066445183 0.056338028169014086 0.8205980066445183 0
0 0.6910299003322259 0.2535211267605634 0.627906976744186 0.2535211267605634 0.627906976744186 0.33098591549295775 0.6910299003322259 0.33098591549295775 0.6910299003322259 0.2535211267605634
0 0.1893687707641196 0.28169014084507044 0.14950166112956811 0.28169014084507044 0.14950166112956811 0.352112676056338 0.1893687707641196 0.352112676056338 0.1893687707641196 0.28169014084507044
0 0.5415282392026578 0.5 0.5016611295681063 0.5 0.5016611295681063 0.5563380281690141 0.5415282392026578 0.5563380281690141 0.5415282392026578 0.5
0 0.6146179401993356 0.49295774647887325 0.5714285714285714 0.49295774647887325 0.5714285714285714 0.5563380281690141 0.6146179401993356 0.5563380281690141 0.6146179401993356 0.49295774647887325
0 0.8604651162790697 0.8380281690140845 0.8106312292358804 0.8380281690140845 0.8106312292358804 0.9225352112676056 0.8604651162790697 0.9225352112676056 0.8604651162790697 0.8380281690140845
0 0.12956810631229235 0.45774647887323944 0.08637873754152824 0.45774647887323944 0.08637873754152824 0.528169014084507 0.12956810631229235 0.528169014084507 0.12956810631229235 0.45774647887323944
0 0.8704318936877077 0.44366197183098594 0.8073089700996677 0.44366197183098594 0.8073089700996677 0.5070422535211268 0.8704318936877077 0.5070422535211268 0.8704318936877077 0.44366197183098594
0 0.07308970099667775 0.7816901408450704 0.04318936877076412 0.7816901408450704 0.04318936877076412 0.8450704225352113 0.07308970099667775 0.8450704225352113 0.07308970099667775 0.7816901408450704
0 0.6312292358803987 0.02112676056338028 0.574750830564784 0.02112676056338028 0.574750830564784 0.08450704225352113 0.6312292358803987 0.08450704225352113 0.6312292358803987 0.02112676056338028
0 0.33554817275747506 0 0.27906976744186046 0 0.27906976744186046 0.028169014084507043 0.33554817275747506 0.028169014084507043 0.33554817275747506 0
0 0.627906976744186 0.2676056338028169 0.5714285714285714 0.2676056338028169 0.5714285714285714 0.31690140845070425 0.627906976744186 0.31690140845070425 0.627906976744186 0.2676056338028169
0 0.19933554817275748 0.7112676056338029 0.1362126245847176 0.7112676056338029 0.1362126245847176 0.7746478873239436 0.19933554817275748 0.7746478873239436 0.19933554817275748 0.7112676056338029
0 0.08305647840531562 0.43661971830985913 0.04318936877076412 0.43661971830985913 0.04318936877076412 0.5211267605633803 0.08305647840531562 0.5211267605633803 0.08305647840531562 0.43661971830985913
0 0.8073089700996677 0.7464788732394366 0.7441860465116279 0.7464788732394366 0.7441860465116279 0.8098591549295775 0.8073089700996677 0.8098591549295775 0.8073089700996677 0.7464788732394366
0 0.3754152823920266 0 0.3388704318936877 0 0.3388704318936877 0.035211267605633804 0.3754152823920266 0.035211267605633804 0.3754152823920266 0
0 0.07308970099667775 0.6197183098591549 0.04318936877076412 0.6197183098591549 0.04318936877076412 0.6830985915492958 0.07308970099667775 0.6830985915492958 0.07308970099667775 0.6197183098591549
0 0.6146179401993356 0.7183098591549296 0.5581395348837209 0.7183098591549296 0.5581395348837209 0.7816901408450704 0.6146179401993356 0.7816901408450704 0.6146179401993356 0.7183098591549296
0 0.6312292358803987 0.09154929577464789 0.574750830564784 0.09154929577464789 0.574750830564784 0.15492957746478872 0.6312292358803987 0.15492957746478872 0.6312292358803987 0.09154929577464789
0 0.1893687707641196 0.45774647887323944 0.15614617940199335 0.45774647887323944 0.15614617940199335 0.5211267605633803 0.1893687707641196 0.5211267605633803 0.1893687707641196 0.45774647887323944
0 0.33222591362126247 0.7394366197183099 0.2724252491694352 0.7394366197183099 0.2724252491694352 0.8098591549295775 0.33222591362126247 0.8098591549295775 0.33222591362126247 0.7394366197183099
0 0.9534883720930233 0.9577464788732394 0.9102990033222591 0.9577464788732394 0.9102990033222591 0.9929577464788732 0.9534883720930233 0.9929577464788732 0.9534883720930233 0.9577464788732394
0 0.7641196013289037 0.5 0.7342192691029901 0.5 0.7342192691029901 0.5633802816901409 0.7641196013289037 0.5633802816901409 0.7641196013289037 0.5
0 0.40863787375415284 0.7183098591549296 0.34219269102990035 0.7183098591549296 0.34219269102990035 0.7887323943661971 0.40863787375415284 0.7887323943661971 0.40863787375415284 0.7183098591549296
0 0.3521594684385382 0.6619718309859155 0.3222591362126246 0.6619718309859155 0.3222591362126246 0.7183098591549296 0.3521594684385382 0.7183098591549296 0.3521594684385382 0.6619718309859155
0 0.19933554817275748 0.852112676056338 0.1461794019933555 0.852112676056338 0.1461794019933555 0.9084507042253521 0.19933554817275748 0.9084507042253521 0.19933554817275748 0.852112676056338
0 0.7973421926910299 0.5 0.7641196013289037 0.5 0.7641196013289037 0.5563380281690141 0.7973421926910299 0.5563380281690141 0.7973421926910299 0.5
0 0.4053156146179402 0.4014084507042254 0.3521594684385382 0.4014084507042254 0.3521594684385382 0.4647887323943662 0.4053156146179402 0.4647887323943662 0.4053156146179402 0.4014084507042254
0 0.6843853820598007 0.4295774647887324 0.6212624584717608 0.4295774647887324 0.6212624584717608 0.49295774647887325 0.6843853820598007 0.49295774647887325 0.6843853820598007 0.4295774647887324
0 0.1461794019933555 0.11971830985915492 0.09966777408637874 0.11971830985915492 0.09966777408637874 0.18309859154929578 0.1461794019933555 0.18309859154929578 0.1461794019933555 0.11971830985915492
0 0.6013289036544851 0.6549295774647887 0.5714285714285714 0.6549295774647887 0.5714285714285714 0.7183098591549296 0.6013289036544851 0.7183098591549296 0.6013289036544851 0.6549295774647887
0 0.2059800664451827 0.2112676056338028 0.1461794019933555 0.2112676056338028 0.1461794019933555 0.2746478873239437 0.2059800664451827 0.2746478873239437 0.2059800664451827 0.2112676056338028
0 0.7574750830564784 0.09154929577464789 0.6943521594684385 0.09154929577464789 0.6943521594684385 0.1619718309859155 0.7574750830564784 0.1619718309859155 0.7574750830564784 0.09154929577464789
0 0.4219269102990033 0.09154929577464789 0.3654485049833887 0.09154929577464789 0.3654485049833887 0.15492957746478872 0.4219269102990033 0.15492957746478872 0.4219269102990033 0.09154929577464789
0 0.5548172757475083 0.7183098591549296 0.4983388704318937 0.7183098591549296 0.4983388704318937 0.7746478873239436 0.5548172757475083 0.7746478873239436 0.5548172757475083 0.7183098591549296
0 0.08637873754152824 0.6830985915492958 0.03322259136212625 0.6830985915492958 0.03322259136212625 0.7535211267605634 0.08637873754152824 0.7535211267605634 0.08637873754152824 0.6830985915492958
0 0.5415282392026578 0.6549295774647887 0.5083056478405316 0.6549295774647887 0.5083056478405316 0.7183098591549296 0.5415282392026578 0.7183098591549296 0.5415282392026578 0.6549295774647887
0 0.5614617940199336 0 0.5249169435215947 0 0.5249169435215947 0.028169014084507043 0.5614617940199336 0.028169014084507043 0.5614617940199336 0
0 0.53156146179402 0.028169014084507043 0.4850498338870432 0.028169014084507043 0.4850498338870432 0.09154929577464789 0.53156146179402 0.09154929577464789 0.53156146179402 0.028169014084507043
0 0.9102990033222591 0.9577464788732394 0.867109634551495 0.9577464788732394 0.867109634551495 0.9929577464788732 0.9102990033222591 0.9929577464788732 0.9102990033222591 0.9577464788732394
0 0.25249169435215946 0.647887323943662 0.2159468438538206 0.647887323943662 0.2159468438538206 0.7183098591549296 0.25249169435215946 0.7183098591549296 0.25249169435215946 0.647887323943662
0 0.07308970099667775 0.852112676056338 0.026578073089700997 0.852112676056338 0.026578073089700997 0.9084507042253521 0.07308970099667775 0.9084507042253521 0.07308970099667775 0.852112676056338
0 0.7009966777408638 0.09154929577464789 0.6312292358803987 0.09154929577464789 0.6312292358803987 0.15492957746478872 0.7009966777408638 0.15492957746478872 0.7009966777408638 0.09154929577464789
0 0.9966777408637874 0.19014084507042253 0.9634551495016611 0.19014084507042253 0.9634551495016611 0.24647887323943662 0.9966777408637874 0.24647887323943662 0.9966777408637874 0.19014084507042253
0 0.3521594684385382 0.035211267605633804 0.28903654485049834 0.035211267605633804 0.28903654485049834 0.11971830985915492 0.3521594684385382 0.11971830985915492 0.3521594684385382 0.035211267605633804
0 0.2292358803986711 0.28169014084507044 0.19269102990033224 0.28169014084507044 0.19269102990033224 0.352112676056338 0.2292358803986711 0.352112676056338 0.2292358803986711 0.28169014084507044
0 0.05647840531561462 0.3732394366197183 0.013289036544850499 0.3732394366197183 0.013289036544850499 0.43661971830985913 0.05647840531561462 0.43661971830985913 0.05647840531561462 0.3732394366197183
0 0.5514950166112956 0.30985915492957744 0.5116279069767442 0.30985915492957744 0.5116279069767442 0.38028169014084506 0.5514950166112956 0.38028169014084506 0.5514950166112956 0.30985915492957744
0 0.33222591362126247 0.30985915492957744 0.2823920265780731 0.30985915492957744 0.2823920265780731 0.38028169014084506 0.33222591362126247 0.38028169014084506 0.33222591362126247 0.30985915492957744
0 0.7142857142857143 0.5 0.6744186046511628 0.5 0.6744186046511628 0.5633802816901409 0.7142857142857143 0.5633802816901409 0.7142857142857143 0.5
0 0.3388704318936877 0.11971830985915492 0.292358803986711 0.11971830985915492 0.292358803986711 0.19014084507042253 0.3388704318936877 0.19014084507042253 0.3388704318936877 0.11971830985915492
0 0.7574750830564784 0.2535211267605634 0.6910299003322259 0.2535211267605634 0.6910299003322259 0.33098591549295775 0.7574750830564784 0.33098591549295775 0.7574750830564784 0.2535211267605634
0 0.25249169435215946 0.8732394366197183 0.19933554817275748 0.8732394366197183 0.19933554817275748 0.9366197183098591 0.25249169435215946 0.9366197183098591 0.25249169435215946 0.8732394366197183
0 0.867109634551495 0.7464788732394366 0.8073089700996677 0.7464788732394366 0.8073089700996677 0.8169014084507042 0.867109634551495 0.8169014084507042 0.867109634551495 0.7464788732394366
0 0.6411960132890365 0.6549295774647887 0.6013289036544851 0.6549295774647887 0.6013289036544851 0.7183098591549296 0.6411960132890365 0.7183098591549296 0.6411960132890365 0.6549295774647887
0 0.22259136212624583 0.035211267605633804 0.1362126245847176 0.035211267605633804 0.1362126245847176 0.11971830985915492 0.22259136212624583 0.11971830985915492 0.22259136212624583 0.035211267605633804
0 0.26245847176079734 0.39436619718309857 0.2059800664451827 0.39436619718309857 0.2059800664451827 0.45774647887323944 0.26245847176079734 0.45774647887323944 0.26245847176079734 0.39436619718309857
0 0.7574750830564784 0 0.7142857142857143 0 0.7142857142857143 0.06338028169014084 0.7574750830564784 0.06338028169014084 0.7574750830564784 0
0 0.1461794019933555 0.36619718309859156 0.08970099667774087 0.36619718309859156 0.08970099667774087 0.43661971830985913 0.1461794019933555 0.43661971830985913 0.1461794019933555 0.36619718309859156
0 0.4584717607973422 0.21830985915492956 0.4053156146179402 0.21830985915492956 0.4053156146179402 0.2887323943661972 0.4584717607973422 0.2887323943661972 0.4584717607973422 0.21830985915492956
0 0.09966777408637874 0.9084507042253521 0.016611295681063124 0.9084507042253521 0.016611295681063124 0.9859154929577465 0.09966777408637874 0.9859154929577465 0.09966777408637874 0.9084507042253521
0 0.6644518272425249 0.5845070422535211 0.5880398671096345 0.5845070422535211 0.5880398671096345 0.6549295774647887 0.6644518272425249 0.6549295774647887 0.6644518272425249 0.5845070422535211
0 0.6777408637873754 0.7394366197183099 0.6146179401993356 0.7394366197183099 0.6146179401993356 0.8098591549295775 0.6777408637873754 0.8098591549295775 0.6777408637873754 0.7394366197183099
0 0.14950166112956811 0.9647887323943662 0.09966777408637874 0.9647887323943662 0.09966777408637874 0.9929577464788732 0.14950166112956811 0.9929577464788732 0.14950166112956811 0.9647887323943662
0 0.4684385382059801 0.6408450704225352 0.42524916943521596 0.6408450704225352 0.42524916943521596 0.7112676056338029 0.4684385382059801 0.7112676056338029 0.4684385382059801 0.6408450704225352
0 0.5016611295681063 0.647887323943662 0.4684385382059801 0.647887323943662 0.4684385382059801 0.7112676056338029 0.5016611295681063 0.7112676056338029 0.5016611295681063 0.647887323943662
0 0.2724252491694352 0.20422535211267606 0.21926910299003322 0.20422535211267606 0.21926910299003322 0.2746478873239437 0.2724252491694352 0.2746478873239437 0.2724252491694352 0.20422535211267606
0 0.574750830564784 0.07042253521126761 0.5149501661129569 0.07042253521126761 0.5149501661129569 0.14788732394366197 0.574750830564784 0.14788732394366197 0.574750830564784 0.07042253521126761
0 0.26578073089701 0.1267605633802817 0.2292358803986711 0.1267605633802817 0.2292358803986711 0.19014084507042253 0.26578073089701 0.19014084507042253 0.26578073089701 0.1267605633802817
0 0.7574750830564784 0.33098591549295775 0.707641196013289 0.33098591549295775 0.707641196013289 0.4014084507042254 0.7574750830564784 0.4014084507042254 0.7574750830564784 0.33098591549295775
0 0.9966777408637874 0.8732394366197183 0.9700996677740864 0.8732394366197183 0.9700996677740864 0.9366197183098591 0.9966777408637874 0.9366197183098591 0.9966777408637874 0.8732394366197183
0 0.9966777408637874 0.1267605633802817 0.9534883720930233 0.1267605633802817 0.9534883720930233 0.18309859154929578 0.9966777408637874 0.18309859154929578 0.9966777408637874 0.1267605633802817
0 0.19933554817275748 0.1267605633802817 0.15614617940199335 0.1267605633802817 0.15614617940199335 0.18309859154929578 0.19933554817275748 0.18309859154929578 0.19933554817275748 0.1267605633802817
0 0.867109634551495 0.9366197183098591 0.7940199335548173 0.9366197183098591 0.7940199335548173 0.9929577464788732 0.867109634551495 0.9929577464788732 0.867109634551495 0.9366197183098591
0 0.1893687707641196 0.34507042253521125 0.14950166112956811 0.34507042253521125 0.14950166112956811 0.4225352112676056 0.1893687707641196 0.4225352112676056 0.1893687707641196 0.34507042253521125
0 0.8205980066445183 0.11971830985915492 0.760797342192691 0.11971830985915492 0.760797342192691 0.18309859154929578 0.8205980066445183 0.18309859154929578 0.8205980066445183 0.11971830985915492
0 0.10299003322259136 0.04929577464788732 0.046511627906976744 0.04929577464788732 0.046511627906976744 0.11267605633802817 0.10299003322259136 0.11267605633802817 0.10299003322259136 0.04929577464788732
0 0.6910299003322259 0.007042253521126761 0.6445182724252492 0.007042253521126761 0.6445182724252492 0.08450704225352113 0.6910299003322259 0.08450704225352113 0.6910299003322259 0.007042253521126761
0 0.08637873754152824 0.176056338028169 0.026578073089700997 0.176056338028169 0.026578073089700997 0.24647887323943662 0.08637873754152824 0.24647887323943662 0.08637873754152824 0.176056338028169
0 0.6843853820598007 0.176056338028169 0.6445182724252492 0.176056338028169 0.6445182724252492 0.24647887323943662 0.6843853820598007 0.24647887323943662 0.6843853820598007 0.176056338028169
0 0.26245847176079734 0.5633802816901409 0.19933554817275748 0.5633802816901409 0.19933554817275748 0.6408450704225352 0.26245847176079734 0.6408450704225352 0.26245847176079734 0.5633802816901409
0 0.26245847176079734 0.7183098591549296 0.2026578073089701 0.7183098591549296 0.2026578073089701 0.8028169014084507 0.26245847176079734 0.8028169014084507 0.26245847176079734 0.7183098591549296
0 0.47840531561461797 0.7183098591549296 0.4152823920265781 0.7183098591549296 0.4152823920265781 0.7816901408450704 0.47840531561461797 0.7816901408450704 0.47840531561461797 0.7183098591549296
0 0.04318936877076412 0 0 0 0 0.04929577464788732 0.04318936877076412 0
0 0.14950166112956811 0.6197183098591549 0.10299003322259136 0.6197183098591549 0.10299003322259136 0.6830985915492958 0.14950166112956811 0.6830985915492958 0.14950166112956811 0.6197183098591549
0 0.08637873754152824 0.5352112676056338 0.026578073089700997 0.5352112676056338 0.026578073089700997 0.6197183098591549 0.08637873754152824 0.6197183098591549 0.08637873754152824 0.5352112676056338
0 0.9966777408637874 0.9436619718309859 0.9634551495016611 0.9436619718309859 0.9634551495016611 0.9929577464788732 0.9966777408637874 0.9929577464788732 0.9966777408637874 0.9436619718309859
0 0.7475083056478405 0.43661971830985913 0.6843853820598007 0.43661971830985913 0.6843853820598007 0.5 0.7475083056478405 0.5 0.7475083056478405 0.43661971830985913
0 0.5880398671096345 0.5845070422535211 0.5249169435215947 0.5845070422535211 0.5249169435215947 0.6549295774647887 0.5880398671096345 0.6549295774647887 0.5880398671096345 0.5845070422535211
0 0.2026578073089701 0.9436619718309859 0.14950166112956811 0.9436619718309859 0.14950166112956811 0.9929577464788732 0.2026578073089701 0.9929577464788732 0.2026578073089701 0.9436619718309859
0 0.9966777408637874 0.5211267605633803 0.9568106312292359 0.5211267605633803 0.9568106312292359 0.5845070422535211 0.9966777408637874 0.5845070422535211 0.9966777408637874 0.5211267605633803
0 0.14950166112956811 0.19014084507042253 0.09634551495016612 0.19014084507042253 0.09634551495016612 0.2746478873239437 0.14950166112956811 0.2746478873239437 0.14950166112956811 0.19014084507042253
0 0.1461794019933555 0.2746478873239437 0.10631229235880399 0.2746478873239437 0.10631229235880399 0.3380281690140845 0.1461794019933555 0.3380281690140845 0.1461794019933555 0.2746478873239437
0 0.9534883720930233 0.11971830985915492 0.8837209302325582 0.11971830985915492 0.8837209302325582 0.18309859154929578 0.9534883720930233 0.18309859154929578 0.9534883720930233 0.11971830985915492
0 0.7375415282392026 0.9366197183098591 0.6744186046511628 0.9366197183098591 0.6744186046511628 0.9929577464788732 0.7375415282392026 0.9929577464788732 0.7375415282392026 0.9366197183098591
0 0.6212624584717608 0.4225352112676056 0.5681063122923588 0.4225352112676056 0.5681063122923588 0.4859154929577465 0.6212624584717608 0.4859154929577465 0.6212624584717608 0.4225352112676056
0 0.1362126245847176 0.8450704225352113 0.08637873754152824 0.8450704225352113 0.08637873754152824 0.9225352112676056 0.1362126245847176 0.9225352112676056 0.1362126245847176 0.8450704225352113
0 0.4219269102990033 0.04929577464788732 0.3754152823920266 0.04929577464788732 0.3754152823920266 0.09154929577464789 0.4219269102990033 0.09154929577464789 0.4219269102990033 0.04929577464788732
0 0.33554817275747506 0.4014084507042254 0.27906976744186046 0.4014084507042254 0.27906976744186046 0.4647887323943662 0.33554817275747506 0.4647887323943662 0.33554817275747506 0.4014084507042254
0 0.6744186046511628 0.33098591549295775 0.6312292358803987 0.33098591549295775 0.6312292358803987 0.39436619718309857 0.6744186046511628 0.39436619718309857 0.6744186046511628 0.33098591549295775
0 0.4152823920265781 0.9647887323943662 0.3554817275747508 0.9647887323943662 0.3554817275747508 0.9929577464788732 0.4152823920265781 0.9929577464788732 0.4152823920265781 0.9647887323943662
0 0.7940199335548173 0.676056338028169 0.760797342192691 0.676056338028169 0.760797342192691 0.7394366197183099 0.7940199335548173 0.7394366197183099 0.7940199335548173 0.676056338028169