0 0.48936170212765956 0.11650485436893204 0.4397163120567376 0.11650485436893204 0.4397163120567376 0.18446601941747573 0.48936170212765956 0.18446601941747573 0.48936170212765956 0.11650485436893204
0 0.6028368794326241 0.39805825242718446 0.5460992907801419 0.39805825242718446 0.5460992907801419 0.46601941747572817 0.6028368794326241 0.46601941747572817 0.6028368794326241 0.39805825242718446
0 0.41843971631205673 0.02912621359223301 0.375886524822695 0.02912621359223301 0.375886524822695 0.10679611650485436 0.41843971631205673 0.10679611650485436 0.41843971631205673 0.02912621359223301
0 0.9858156028368794 0.038834951456310676 0.9290780141843972 0.038834951456310676 0.9290780141843972 0.10679611650485436 0.9858156028368794 0.10679611650485436 0.9858156028368794 0.038834951456310676
0 0.1347517730496454 0.18446601941747573 0.06382978723404255 0.18446601941747573 0.06382978723404255 0.2621359223300971 0.1347517730496454 0.2621359223300971 0.1347517730496454 0.18446601941747573
0 0.48226950354609927 0.038834951456310676 0.425531914893617 0.038834951456310676 0.425531914893617 0.10679611650485436 0.48226950354609927 0.10679611650485436 0.48226950354609927 0.038834951456310676
0 0.3546099290780142 0.9514563106796117 0.2978723404255319 0.9514563106796117 0.2978723404255319 0.9805825242718447 0.3546099290780142 0.9805825242718447 0.3546099290780142 0.9514563106796117
0 0.5460992907801419 0.10679611650485436 0.48936170212765956 0.10679611650485436 0.48936170212765956 0.18446601941747573 0.5460992907801419 0.18446601941747573 0.5460992907801419 0.10679611650485436
0 0.6099290780141844 0.20388349514563106 0.5390070921985816 0.20388349514563106 0.5390070921985816 0.27184466019417475 0.6099290780141844 0.27184466019417475 0.6099290780141844 0.20388349514563106
0 0.3617021276595745 0.20388349514563106 0.2978723404255319 0.20388349514563106 0.2978723404255319 0.27184466019417475 0.3617021276595745 0.27184466019417475 0.3617021276595745 0.20388349514563106
0 0.7304964539007093 0 0.6737588652482269 0 0.6737588652482269 0.02912621359223301 0.7304964539007093 0.02912621359223301 0.7304964539007093 0
0 0.48226950354609927 0.20388349514563106 0.4397163120567376 0.20388349514563106 0.4397163120567376 0.27184466019417475 0.48226950354609927 0.27184466019417475 0.48226950354609927 0.20388349514563106
0 0.18439716312056736 0.5728155339805825 0.1276595744680851 0.5728155339805825 0.1276595744680851 0.6407766990291263 0.18439716312056736 0.6407766990291263 0.18439716312056736 0.5728155339805825
0 0.6524822695035462 0.1941747572815534 0.6099290780141844 0.1941747572815534 0.6099290780141844 0.2621359223300971 0.6524822695035462 0.2621359223300971 0.6524822695035462 0.1941747572815534
0 0.9716312056737588 0.11650485436893204 0.9290780141843972 0.11650485436893204 0.9290780141843972 0.18446601941747573 0.9716312056737588 0.18446601941747573 0.9716312056737588 0.11650485436893204
0 0.5460992907801419 0.1941747572815534 0.48226950354609927 0.1941747572815534 0.48226950354609927 0.2621359223300971 0.5460992907801419 0.2621359223300971 0.5460992907801419 0.1941747572815534
0 0.425531914893617 0.20388349514563106 0.3829787234042553 0.20388349514563106 0.3829787234042553 0.27184466019417475 0.425531914893617 0.27184466019417475 0.425531914893617 0.20388349514563106
0 0.5460992907801419 0.39805825242718446 0.48936170212765956 0.39805825242718446 0.48936170212765956 0.46601941747572817 0.5460992907801419 0.46601941747572817 0.5460992907801419 0.39805825242718446
0 0.6453900709219859 0.39805825242718446 0.6099290780141844 0.39805825242718446 0.6099290780141844 0.46601941747572817 0.6453900709219859 0.46601941747572817 0.6453900709219859 0.39805825242718446
0 0.375886524822695 0.02912621359223301 0.3191489361702128 0.02912621359223301 0.3191489361702128 0.10679611650485436 0.375886524822695 0.10679611650485436 0.375886524822695 0.02912621359223301
0 0.7163120567375887 0.7087378640776699 0.6524822695035462 0.7087378640776699 0.6524822695035462 0.7766990291262136 0.7163120567375887 0.7766990291262136 0.7163120567375887 0.7087378640776699
0 0.7730496453900709 0 0.7375886524822695 0 0.7375886524822695 0.02912621359223301 0.7730496453900709 0.02912621359223301 0.7730496453900709 0
0 0.6666666666666666 0.2912621359223301 0.6099290780141844 0.2912621359223301 0.6099290780141844 0.36893203883495146 0.6666666666666666 0.36893203883495146 0.6666666666666666 0.2912621359223301
0 0.6524822695035462 0.6990291262135923 0.6028368794326241 0.6990291262135923 0.6028368794326241 0.7766990291262136 0.6524822695035462 0.7766990291262136 0.6524822695035462 0.6990291262135923
0 0.5531914893617021 0.02912621359223301 0.48226950354609927 0.02912621359223301 0.48226950354609927 0.10679611650485436 0.5531914893617021 0.10679611650485436 0.5531914893617021 0.02912621359223301
0 0.24822695035460993 0.3592233009708738 0.19148936170212766 0.3592233009708738 0.19148936170212766 0.4368932038834951 0.24822695035460993 0.4368932038834951 0.24822695035460993 0.3592233009708738
0 0.4397163120567376 0.2912621359223301 0.3617021276595745 0.2912621359223301 0.3617021276595745 0.3592233009708738 0.4397163120567376 0.3592233009708738 0.4397163120567376 0.2912621359223301
0 0.7163120567375887 0.18446601941747573 0.6666666666666666 0.18446601941747573 0.6666666666666666 0.2621359223300971 0.7163120567375887 0.2621359223300971 0.7163120567375887 0.18446601941747573
0 0.5460992907801419 0 0.48226950354609927 0 0.48226950354609927 0.02912621359223301 0.5460992907801419 0.02912621359223301 0.5460992907801419 0
0 0.2978723404255319 0.9514563106796117 0.24822695035460993 0.9514563106796117 0.24822695035460993 0.9805825242718447 0.2978723404255319 0.9805825242718447 0.2978723404255319 0.9514563106796117
0 0.3829787234042553 0 0.3191489361702128 0 0.3191489361702128 0.02912621359223301 0.3829787234042553 0.02912621359223301 0.3829787234042553 0
0 0.7163120567375887 0.39805825242718446 0.6453900709219859 0.39805825242718446 0.6453900709219859 0.47572815533980584 0.7163120567375887 0.47572815533980584 0.7163120567375887 0.39805825242718446
0 0.19148936170212766 0.3592233009708738 0.1276595744680851 0.3592233009708738 0.1276595744680851 0.4368932038834951 0.19148936170212766 0.4368932038834951 0.19148936170212766 0.3592233009708738
0 0.3120567375886525 0.46601941747572817 0.23404255319148937 0.46601941747572817 0.23404255319148937 0.5242718446601942 0.3120567375886525 0.5242718446601942 0.3120567375886525 0.46601941747572817
0 0.07092198581560284 0.019417475728155338 0.0070921985815602835 0.019417475728155338 0.0070921985815602835 0.08737864077669903 0.07092198581560284 0.08737864077669903 0.07092198581560284 0.019417475728155338
0 0.4397163120567376 0.13592233009708737 0.3829787234042553 0.13592233009708737 0.3829787234042553 0.20388349514563106 0.4397163120567376 0.20388349514563106 0.4397163120567376 0.13592233009708737
0 0.3191489361702128 0.019417475728155338 0.2624113475177305 0.019417475728155338 0.2624113475177305 0.08737864077669903 0.3191489361702128 0.08737864077669903 0.3191489361702128 0.019417475728155338