0 0.054945054945054944 0.4010989010989011 0 0.4010989010989011 0 0.46153846153846156 0.054945054945054944 0.46153846153846156 0.054945054945054944 0.4010989010989011
0 0.10989010989010989 0.9010989010989011 0.04395604395604396 0.9010989010989011 0.04395604395604396 0.9615384615384616 0.10989010989010989 0.9615384615384616 0.10989010989010989 0.9010989010989011
0 0.06043956043956044 0.3241758241758242 0 0.3241758241758242 0 0.4010989010989011 0.06043956043956044 0.4010989010989011 0.06043956043956044 0.3241758241758242
0 0.8406593406593407 0 0.7802197802197802 0 0.7802197802197802 0.07142857142857142 0.8406593406593407 0.07142857142857142 0.8406593406593407 0
0 0.46153846153846156 0 0.3901098901098901 0 0.3901098901098901 0.06043956043956044 0.46153846153846156 0.06043956043956044 0.46153846153846156 0
0 0.12087912087912088 0.5604395604395604 0.06043956043956044 0.5604395604395604 0.06043956043956044 0.6208791208791209 0.12087912087912088 0.6208791208791209 0.12087912087912088 0.5604395604395604
0 0.6208791208791209 0.15384615384615385 0.5439560439560439 0.15384615384615385 0.5439560439560439 0.23076923076923078 0.6208791208791209 0.23076923076923078 0.6208791208791209 0.15384615384615385
0 0.21428571428571427 0 0.15384615384615385 0 0.15384615384615385 0.04395604395604396 0.21428571428571427 0.04395604395604396 0.21428571428571427 0
0 0.9230769230769231 0.17032967032967034 0.8406593406593407 0.17032967032967034 0.8406593406593407 0.24175824175824176 0.9230769230769231 0.24175824175824176 0.9230769230769231 0.17032967032967034
0 0.29120879120879123 0.14285714285714285 0.21978021978021978 0.14285714285714285 0.21978021978021978 0.21428571428571427 0.29120879120879123 0.21428571428571427 0.29120879120879123 0.14285714285714285
0 0.6043956043956044 0.24175824175824176 0.5439560439560439 0.24175824175824176 0.5439560439560439 0.3131868131868132 0.6043956043956044 0.3131868131868132 0.6043956043956044 0.24175824175824176
0 0.37362637362637363 0.3131868131868132 0.3021978021978022 0.3131868131868132 0.3021978021978022 0.3901098901098901 0.37362637362637363 0.3901098901098901 0.37362637362637363 0.3131868131868132
0 0.27472527472527475 0.6538461538461539 0.21428571428571427 0.6538461538461539 0.21428571428571427 0.7142857142857143 0.27472527472527475 0.7142857142857143 0.27472527472527475 0.6538461538461539
0 0.13186813186813187 0.3131868131868132 0.06043956043956044 0.3131868131868132 0.06043956043956044 0.3901098901098901 0.13186813186813187 0.3901098901098901 0.13186813186813187 0.3131868131868132
0 0.26373626373626374 0.9010989010989011 0.19230769230769232 0.9010989010989011 0.19230769230769232 0.9615384615384616 0.26373626373626374 0.9615384615384616 0.26373626373626374 0.9010989010989011
0 0.07142857142857142 0.14285714285714285 0 0.14285714285714285 0 0.21428571428571427 0.07142857142857142 0.21428571428571427 0.07142857142857142 0.14285714285714285
0 0.12087912087912088 0.6428571428571429 0.06043956043956044 0.6428571428571429 0.06043956043956044 0.7142857142857143 0.12087912087912088 0.7142857142857143 0.12087912087912088 0.6428571428571429
0 0.03296703296703297 0.8901098901098901 0 0.8901098901098901 0 0.9505494505494505 0.03296703296703297 0.9505494505494505 0.03296703296703297 0.8901098901098901
0 0.12087912087912088 0.7197802197802198 0.054945054945054944 0.7197802197802198 0.054945054945054944 0.7912087912087912 0.12087912087912088 0.7912087912087912 0.12087912087912088 0.7197802197802198
0 0.3626373626373626 0.24175824175824176 0.3021978021978022 0.24175824175824176 0.3021978021978022 0.3131868131868132 0.3626373626373626 0.3131868131868132 0.3626373626373626 0.24175824175824176
0 0.14285714285714285 0 0.08241758241758242 0 0.08241758241758242 0.03296703296703297 0.14285714285714285 0.03296703296703297 0.14285714285714285 0
0 0.7637362637362637 0.16483516483516483 0.6923076923076923 0.16483516483516483 0.6923076923076923 0.23076923076923078 0.7637362637362637 0.23076923076923078 0.7637362637362637 0.16483516483516483
0 0.13186813186813187 0.14285714285714285 0.07142857142857142 0.14285714285714285 0.07142857142857142 0.21978021978021978 0.13186813186813187 0.21978021978021978 0.13186813186813187 0.14285714285714285
0 0.8131868131868132 0.9230769230769231 0.7527472527472527 0.9230769230769231 0.7527472527472527 0.9945054945054945 0.8131868131868132 0.9945054945054945 0.8131868131868132 0.9230769230769231
0 0.3021978021978022 0 0.21428571428571427 0 0.21428571428571427 0.054945054945054944 0.3021978021978022 0.054945054945054944 0.3021978021978022 0
0 0.34065934065934067 0.9010989010989011 0.2802197802197802 0.9010989010989011 0.2802197802197802 0.9615384615384616 0.34065934065934067 0.9615384615384616 0.34065934065934067 0.9010989010989011
0 0.8901098901098901 0.9230769230769231 0.8241758241758241 0.9230769230769231 0.8241758241758241 0.9945054945054945 0.8901098901098901 0.9945054945054945 0.8901098901098901 0.9230769230769231
0 0.6208791208791209 0 0.5439560439560439 0 0.5439560439560439 0.06043956043956044 0.6208791208791209 0.06043956043956044 0.6208791208791209 0
0 0.5439560439560439 0 0.46153846153846156 0 0.46153846153846156 0.06043956043956044 0.5439560439560439 0.06043956043956044 0.5439560439560439 0
0 0.45054945054945056 0.24175824175824176 0.37362637362637363 0.24175824175824176 0.37362637362637363 0.3131868131868132 0.45054945054945056 0.3131868131868132 0.45054945054945056 0.24175824175824176
0 0.521978021978022 0.25274725274725274 0.46153846153846156 0.25274725274725274 0.46153846153846156 0.3131868131868132 0.521978021978022 0.3131868131868132 0.521978021978022 0.25274725274725274
0 0.21428571428571427 0.23076923076923078 0.14285714285714285 0.23076923076923078 0.14285714285714285 0.3021978021978022 0.21428571428571427 0.3021978021978022 0.21428571428571427 0.23076923076923078
0 0.7747252747252747 0 0.7032967032967034 0 0.7032967032967034 0.07142857142857142 0.7747252747252747 0.07142857142857142 0.7747252747252747 0
0 0.45054945054945056 0.15384615384615385 0.38461538461538464 0.15384615384615385 0.38461538461538464 0.21978021978021978 0.45054945054945056 0.21978021978021978 0.45054945054945056 0.15384615384615385
0 0.37362637362637363 0.14285714285714285 0.3021978021978022 0.14285714285714285 0.3021978021978022 0.21428571428571427 0.37362637362637363 0.21428571428571427 0.37362637362637363 0.14285714285714285
0 0.7032967032967034 0.16483516483516483 0.6098901098901099 0.16483516483516483 0.6098901098901099 0.23076923076923078 0.7032967032967034 0.23076923076923078 0.7032967032967034 0.16483516483516483
0 0.2802197802197802 0.5604395604395604 0.2032967032967033 0.5604395604395604 0.2032967032967033 0.6428571428571429 0.2802197802197802 0.6428571428571429 0.2802197802197802 0.5604395604395604
0 0.2802197802197802 0.4945054945054945 0.21428571428571427 0.4945054945054945 0.21428571428571427 0.5604395604395604 0.2802197802197802 0.5604395604395604 0.2802197802197802 0.4945054945054945
0 0.2032967032967033 0.554945054945055 0.12087912087912088 0.554945054945055 0.12087912087912088 0.6208791208791209 0.2032967032967033 0.6208791208791209 0.2032967032967033 0.554945054945055
0 0.2032967032967033 0.7307692307692307 0.12087912087912088 0.7307692307692307 0.12087912087912088 0.8021978021978022 0.2032967032967033 0.8021978021978022 0.2032967032967033 0.7307692307692307
0 0.12087912087912088 0.8131868131868132 0.04395604395604396 0.8131868131868132 0.04395604395604396 0.8901098901098901 0.12087912087912088 0.8901098901098901 0.12087912087912088 0.8131868131868132
0 0.13186813186813187 0.4010989010989011 0.06043956043956044 0.4010989010989011 0.06043956043956044 0.4725274725274725 0.13186813186813187 0.4725274725274725 0.13186813186813187 0.4010989010989011
0 0.12087912087912088 0.4835164835164835 0.06043956043956044 0.4835164835164835 0.06043956043956044 0.5439560439560439 0.12087912087912088 0.5439560439560439 0.12087912087912088 0.4835164835164835
0 0.1813186813186813 0.9010989010989011 0.12087912087912088 0.9010989010989011 0.12087912087912088 0.9725274725274725 0.1813186813186813 0.9725274725274725 0.1813186813186813 0.9010989010989011
0 0.26373626373626374 0.8131868131868132 0.19230769230769232 0.8131868131868132 0.19230769230769232 0.8901098901098901 0.26373626373626374 0.8901098901098901 0.26373626373626374 0.8131868131868132
0 0.2032967032967033 0.6428571428571429 0.14285714285714285 0.6428571428571429 0.14285714285714285 0.7142857142857143 0.2032967032967033 0.7142857142857143 0.2032967032967033 0.6428571428571429
0 0.3021978021978022 0.3241758241758242 0.21428571428571427 0.3241758241758242 0.21428571428571427 0.3901098901098901 0.3021978021978022 0.3901098901098901 0.3021978021978022 0.3241758241758242
0 0.2032967032967033 0.3241758241758242 0.13186813186813187 0.3241758241758242 0.13186813186813187 0.3901098901098901 0.2032967032967033 0.3901098901098901 0.2032967032967033 0.3241758241758242
0 0.2032967032967033 0.4010989010989011 0.13186813186813187 0.4010989010989011 0.13186813186813187 0.4725274725274725 0.2032967032967033 0.4725274725274725 0.2032967032967033 0.4010989010989011
0 0.054945054945054944 0.4725274725274725 0 0.4725274725274725 0 0.5439560439560439 0.054945054945054944 0.5439560439560439 0.054945054945054944 0.4725274725274725
0 0.12087912087912088 0.23076923076923078 0.06043956043956044 0.23076923076923078 0.06043956043956044 0.3021978021978022 0.12087912087912088 0.3021978021978022 0.12087912087912088 0.23076923076923078
0 0.9120879120879121 0.34065934065934067 0.8406593406593407 0.34065934065934067 0.8406593406593407 0.41208791208791207 0.9120879120879121 0.41208791208791207 0.9120879120879121 0.34065934065934067
0 0.9945054945054945 0.16483516483516483 0.9230769230769231 0.16483516483516483 0.9230769230769231 0.24175824175824176 0.9945054945054945 0.24175824175824176 0.9945054945054945 0.16483516483516483
0 0.19230769230769232 0.4835164835164835 0.13186813186813187 0.4835164835164835 0.13186813186813187 0.5439560439560439 0.19230769230769232 0.5439560439560439 0.19230769230769232 0.4835164835164835
0 0.3901098901098901 0 0.3131868131868132 0 0.3131868131868132 0.07142857142857142 0.3901098901098901 0.07142857142857142 0.3901098901098901 0
0 0.9120879120879121 0.4340659340659341 0.8406593406593407 0.4340659340659341 0.8406593406593407 0.5 0.9120879120879121 0.5 0.9120879120879121 0.4340659340659341
0 0.3516483516483517 0.8241758241758241 0.27472527472527475 0.8241758241758241 0.27472527472527475 0.8901098901098901 0.3516483516483517 0.8901098901098901 0.3516483516483517 0.8241758241758241
0 0.9230769230769231 0 0.8406593406593407 0 0.8406593406593407 0.07142857142857142 0.9230769230769231 0.07142857142857142 0.9230769230769231 0
0 0.04395604395604396 0.5604395604395604 0 0.5604395604395604 0 0.6208791208791209 0.04395604395604396 0.6208791208791209 0.04395604395604396 0.5604395604395604
0 0.45054945054945056 0.3241758241758242 0.37362637362637363 0.3241758241758242 0.37362637362637363 0.3901098901098901 0.45054945054945056 0.3901098901098901 0.45054945054945056 0.3241758241758242
0 0.3021978021978022 0.24175824175824176 0.25274725274725274 0.24175824175824176 0.25274725274725274 0.3131868131868132 0.3021978021978022 0.3131868131868132 0.3021978021978022 0.24175824175824176
0 0.4230769230769231 0.9010989010989011 0.3516483516483517 0.9010989010989011 0.3516483516483517 0.9725274725274725 0.4230769230769231 0.9725274725274725 0.4230769230769231 0.9010989010989011
0 0.21978021978021978 0.054945054945054944 0.14285714285714285 0.054945054945054944 0.14285714285714285 0.12087912087912088 0.21978021978021978 0.12087912087912088 0.21978021978021978 0.054945054945054944
0 0.2032967032967033 0.8131868131868132 0.12087912087912088 0.8131868131868132 0.12087912087912088 0.8901098901098901 0.2032967032967033 0.8901098901098901 0.2032967032967033 0.8131868131868132
0 0.45054945054945056 0.4835164835164835 0.37362637362637363 0.4835164835164835 0.37362637362637363 0.5604395604395604 0.45054945054945056 0.5604395604395604 0.45054945054945056 0.4835164835164835
0 0.07142857142857142 0.06043956043956044 0 0.06043956043956044 0 0.13186813186813187 0.07142857142857142 0.13186813186813187 0.07142857142857142 0.06043956043956044
0 0.7032967032967034 0 0.6208791208791209 0 0.6208791208791209 0.07142857142857142 0.7032967032967034 0.07142857142857142 0.7032967032967034 0
0 0.21978021978021978 0.14285714285714285 0.13186813186813187 0.14285714285714285 0.13186813186813187 0.21978021978021978 0.21978021978021978 0.21978021978021978 0.21978021978021978 0.14285714285714285
0 0.03296703296703297 0.9615384615384616 0 0.9615384615384616 0 0.9945054945054945 0.03296703296703297 0.9945054945054945 0.03296703296703297 0.9615384615384616
0 0.7747252747252747 0.24175824175824176 0.6923076923076923 0.24175824175824176 0.6923076923076923 0.3131868131868132 0.7747252747252747 0.3131868131868132 0.7747252747252747 0.24175824175824176
0 0.2802197802197802 0.7197802197802198 0.19230769230769232 0.7197802197802198 0.19230769230769232 0.8021978021978022 0.2802197802197802 0.8021978021978022 0.2802197802197802 0.7197802197802198
0 0.054945054945054944 0.8021978021978022 0 0.8021978021978022 0 0.8736263736263736 0.054945054945054944 0.8736263736263736 0.054945054945054944 0.8021978021978022
0 0.37362637362637363 0.4835164835164835 0.29120879120879123 0.4835164835164835 0.29120879120879123 0.5604395604395604 0.37362637362637363 0.5604395604395604 0.37362637362637363 0.4835164835164835
0 0.8516483516483516 0.08241758241758242 0.7802197802197802 0.08241758241758242 0.7802197802197802 0.15384615384615385 0.8516483516483516 0.15384615384615385 0.8516483516483516 0.08241758241758242
0 0.8516483516483516 0.16483516483516483 0.7637362637362637 0.16483516483516483 0.7637362637362637 0.24175824175824176 0.8516483516483516 0.24175824175824176 0.8516483516483516 0.16483516483516483
0 0.521978021978022 0.8296703296703297 0.43956043956043955 0.8296703296703297 0.43956043956043955 0.9010989010989011 0.521978021978022 0.9010989010989011 0.521978021978022 0.8296703296703297
0 0.5439560439560439 0.15384615384615385 0.46153846153846156 0.15384615384615385 0.46153846153846156 0.23076923076923078 0.5439560439560439 0.23076923076923078 0.5439560439560439 0.15384615384615385
0 0.5 0.9120879120879121 0.4340659340659341 0.9120879120879121 0.4340659340659341 0.9835164835164835 0.5 0.9835164835164835 0.5 0.9120879120879121
0 0.9010989010989011 0.8406593406593407 0.8241758241758241 0.8406593406593407 0.8241758241758241 0.9120879120879121 0.9010989010989011 0.9120879120879121 0.9010989010989011 0.8406593406593407
0 0.7802197802197802 0.07142857142857142 0.6923076923076923 0.07142857142857142 0.6923076923076923 0.14285714285714285 0.7802197802197802 0.14285714285714285 0.7802197802197802 0.07142857142857142
0 0.6043956043956044 0.3241758241758242 0.521978021978022 0.3241758241758242 0.521978021978022 0.4010989010989011 0.6043956043956044 0.4010989010989011 0.6043956043956044 0.3241758241758242
0 0.4230769230769231 0.8241758241758241 0.3516483516483517 0.8241758241758241 0.3516483516483517 0.9010989010989011 0.4230769230769231 0.9010989010989011 0.4230769230769231 0.8241758241758241
0 0.07142857142857142 0 0 0 0 0.054945054945054944 0.07142857142857142 0.054945054945054944 0.07142857142857142 0
0 0.5934065934065934 0.9120879120879121 0.510989010989011 0.9120879120879121 0.510989010989011 0.9835164835164835 0.5934065934065934 0.9835164835164835 0.5934065934065934 0.9120879120879121
0 0.054945054945054944 0.6318681318681318 0 0.6318681318681318 0 0.7032967032967034 0.054945054945054944 0.7032967032967034 0.054945054945054944 0.6318681318681318
0 0.3901098901098901 0.07142857142857142 0.3131868131868132 0.07142857142857142 0.3131868131868132 0.14285714285714285 0.3901098901098901 0.14285714285714285 0.3901098901098901 0.07142857142857142
0 0.5934065934065934 0.8241758241758241 0.510989010989011 0.8241758241758241 0.510989010989011 0.9010989010989011 0.5934065934065934 0.9010989010989011 0.5934065934065934 0.8241758241758241
0 0.2802197802197802 0.41208791208791207 0.2032967032967033 0.41208791208791207 0.2032967032967033 0.4835164835164835 0.2802197802197802 0.4835164835164835 0.2802197802197802 0.41208791208791207
0 0.3516483516483517 0.7417582417582418 0.29120879120879123 0.7417582417582418 0.29120879120879123 0.8131868131868132 0.3516483516483517 0.8131868131868132 0.3516483516483517 0.7417582417582418
0 0.054945054945054944 0.7417582417582418 0 0.7417582417582418 0 0.8021978021978022 0.054945054945054944 0.8021978021978022 0.054945054945054944 0.7417582417582418
0 0.06043956043956044 0.24175824175824176 0 0.24175824175824176 0 0.3021978021978022 0.06043956043956044 0.3021978021978022 0.06043956043956044 0.24175824175824176
0 0.9230769230769231 0.25274725274725274 0.8406593406593407 0.25274725274725274 0.8406593406593407 0.3241758241758242 0.9230769230769231 0.3241758241758242 0.9230769230769231 0.25274725274725274
0 0.9010989010989011 0.7637362637362637 0.8241758241758241 0.7637362637362637 0.8241758241758241 0.8296703296703297 0.9010989010989011 0.8296703296703297 0.9010989010989011 0.7637362637362637
0 0.29120879120879123 0.054945054945054944 0.21428571428571427 0.054945054945054944 0.21428571428571427 0.13186813186813187 0.29120879120879123 0.13186813186813187 0.29120879120879123 0.054945054945054944
0 0.43956043956043955 0.7417582417582418 0.3516483516483517 0.7417582417582418 0.3516483516483517 0.8131868131868132 0.43956043956043955 0.8131868131868132 0.43956043956043955 0.7417582417582418
0 0.5439560439560439 0.07142857142857142 0.46153846153846156 0.07142857142857142 0.46153846153846156 0.14285714285714285 0.5439560439560439 0.14285714285714285 0.5439560439560439 0.07142857142857142
0 0.1043956043956044 0.9615384615384616 0.04395604395604396 0.9615384615384616 0.04395604395604396 0.9945054945054945 0.1043956043956044 0.9945054945054945 0.1043956043956044 0.9615384615384616
0 0.8406593406593407 0.24175824175824176 0.7637362637362637 0.24175824175824176 0.7637362637362637 0.3131868131868132 0.8406593406593407 0.3131868131868132 0.8406593406593407 0.24175824175824176
0 0.45054945054945056 0.41208791208791207 0.38461538461538464 0.41208791208791207 0.38461538461538464 0.4835164835164835 0.45054945054945056 0.4835164835164835 0.45054945054945056 0.41208791208791207
0 0.1813186813186813 0.9725274725274725 0.13186813186813187 0.9725274725274725 0.13186813186813187 0.9945054945054945 0.1813186813186813 0.9945054945054945 0.1813186813186813 0.9725274725274725
0 0.8241758241758241 0.6703296703296703 0.7527472527472527 0.6703296703296703 0.7527472527472527 0.7417582417582418 0.8241758241758241 0.7417582417582418 0.8241758241758241 0.6703296703296703
0 0.3516483516483517 0.6538461538461539 0.2802197802197802 0.6538461538461539 0.2802197802197802 0.7307692307692307 0.3516483516483517 0.7307692307692307 0.3516483516483517 0.6538461538461539
0 0.9945054945054945 0.4340659340659341 0.9230769230769231 0.4340659340659341 0.9230769230769231 0.5 0.9945054945054945 0.5 0.9945054945054945 0.4340659340659341
0 0.37362637362637363 0.5604395604395604 0.2802197802197802 0.5604395604395604 0.2802197802197802 0.6428571428571429 0.37362637362637363 0.6428571428571429 0.37362637362637363 0.5604395604395604
0 0.9725274725274725 0.34065934065934067 0.9120879120879121 0.34065934065934067 0.9120879120879121 0.4230769230769231 0.9725274725274725 0.4230769230769231 0.9725274725274725 0.34065934065934067
0 0.9945054945054945 0.5934065934065934 0.9120879120879121 0.5934065934065934 0.9120879120879121 0.6648351648351648 0.9945054945054945 0.6648351648351648 0.9945054945054945 0.5934065934065934
0 0.9945054945054945 0.09340659340659341 0.9230769230769231 0.09340659340659341 0.9230769230769231 0.15384615384615385 0.9945054945054945 0.15384615384615385 0.9945054945054945 0.09340659340659341
0 0.5934065934065934 0.7527472527472527 0.521978021978022 0.7527472527472527 0.521978021978022 0.8131868131868132 0.5934065934065934 0.8131868131868132 0.5934065934065934 0.7527472527472527
0 0.7307692307692307 0.9230769230769231 0.6428571428571429 0.9230769230769231 0.6428571428571429 0.9945054945054945 0.7307692307692307 0.9945054945054945 0.7307692307692307 0.9230769230769231
0 0.9945054945054945 0 0.9230769230769231 0 0.9230769230769231 0.07142857142857142 0.9945054945054945 0.07142857142857142 0.9945054945054945 0