0 0.34265734265734266 0 0.2727272727272727 0 0.2727272727272727 0.06779661016949153 0.34265734265734266 0.06779661016949153 0.34265734265734266 0
0 0.4195804195804196 0.7372881355932204 0.34265734265734266 0.7372881355932204 0.34265734265734266 0.8135593220338984 0.4195804195804196 0.8135593220338984 0.4195804195804196 0.7372881355932204
0 0.7412587412587412 0.5847457627118644 0.6923076923076923 0.5847457627118644 0.6923076923076923 0.6440677966101694 0.7412587412587412 0.6440677966101694 0.7412587412587412 0.5847457627118644
0 0.11188811188811189 0 0.04195804195804196 0 0.04195804195804196 0.06779661016949153 0.11188811188811189 0.06779661016949153 0.11188811188811189 0
0 0.4125874125874126 0.8135593220338984 0.36363636363636365 0.8135593220338984 0.36363636363636365 0.8813559322033898 0.4125874125874126 0.8813559322033898 0.4125874125874126 0.8135593220338984
0 0.8881118881118881 0.2711864406779661 0.8321678321678322 0.2711864406779661 0.8321678321678322 0.3305084745762712 0.8881118881118881 0.3305084745762712 0.8881118881118881 0.2711864406779661
0 0.43356643356643354 0.16101694915254236 0.32867132867132864 0.16101694915254236 0.32867132867132864 0.23728813559322035 0.43356643356643354 0.23728813559322035 0.43356643356643354 0.16101694915254236
0 0.4125874125874126 0 0.34265734265734266 0 0.34265734265734266 0.05084745762711865 0.4125874125874126 0.05084745762711865 0.4125874125874126 0
0 0.951048951048951 0.1271186440677966 0.8881118881118881 0.1271186440677966 0.8881118881118881 0.2033898305084746 0.951048951048951 0.2033898305084746 0.951048951048951 0.1271186440677966
0 0.45454545454545453 0.8813559322033898 0.36363636363636365 0.8813559322033898 0.36363636363636365 0.9576271186440678 0.45454545454545453 0.9576271186440678 0.45454545454545453 0.8813559322033898
0 0.2727272727272727 0 0.18181818181818182 0 0.18181818181818182 0.06779661016949153 0.2727272727272727 0.06779661016949153 0.2727272727272727 0
0 0.6783216783216783 0 0.6293706293706294 0 0.6293706293706294 0.03389830508474576 0.6783216783216783 0.03389830508474576 0.6783216783216783 0
0 0.9090909090909091 0.9576271186440678 0.8531468531468531 0.9576271186440678 0.8531468531468531 0.9915254237288136 0.9090909090909091 0.9915254237288136 0.9090909090909091 0.9576271186440678
0 0.3706293706293706 0.940677966101695 0.2937062937062937 0.940677966101695 0.2937062937062937 0.9915254237288136 0.3706293706293706 0.9915254237288136 0.3706293706293706 0.940677966101695
0 0.5244755244755245 0.923728813559322 0.4405594405594406 0.923728813559322 0.4405594405594406 0.9915254237288136 0.5244755244755245 0.9915254237288136 0.5244755244755245 0.923728813559322
0 0.4125874125874126 0.0847457627118644 0.34265734265734266 0.0847457627118644 0.34265734265734266 0.16101694915254236 0.4125874125874126 0.16101694915254236 0.4125874125874126 0.0847457627118644
0 0.4195804195804196 0.5169491525423728 0.34265734265734266 0.5169491525423728 0.34265734265734266 0.5847457627118644 0.4195804195804196 0.5847457627118644 0.4195804195804196 0.5169491525423728
0 0.4125874125874126 0.6610169491525424 0.34965034965034963 0.6610169491525424 0.34965034965034963 0.7203389830508474 0.4125874125874126 0.7203389830508474 0.4125874125874126 0.6610169491525424
0 0.4125874125874126 0.4576271186440678 0.34265734265734266 0.4576271186440678 0.34265734265734266 0.5169491525423728 0.4125874125874126 0.5169491525423728 0.4125874125874126 0.4576271186440678
0 0.6923076923076923 0.9067796610169492 0.6013986013986014 0.9067796610169492 0.6013986013986014 0.9915254237288136 0.6923076923076923 0.9915254237288136 0.6923076923076923 0.9067796610169492
0 0.48951048951048953 0 0.4195804195804196 0 0.4195804195804196 0.03389830508474576 0.48951048951048953 0.03389830508474576 0.48951048951048953 0
0 0.993006993006993 0.1271186440677966 0.958041958041958 0.1271186440677966 0.958041958041958 0.17796610169491525 0.993006993006993 0.17796610169491525 0.993006993006993 0.1271186440677966
0 0.6223776223776224 0 0.5734265734265734 0 0.5734265734265734 0.03389830508474576 0.6223776223776224 0.03389830508474576 0.6223776223776224 0
0 0.7412587412587412 0.5169491525423728 0.6713286713286714 0.5169491525423728 0.6713286713286714 0.5847457627118644 0.7412587412587412 0.5847457627118644 0.7412587412587412 0.5169491525423728
0 0.7412587412587412 0.6440677966101694 0.6783216783216783 0.6440677966101694 0.6783216783216783 0.7203389830508474 0.7412587412587412 0.7203389830508474 0.7412587412587412 0.6440677966101694
0 0.951048951048951 0.06779661016949153 0.8881118881118881 0.06779661016949153 0.8881118881118881 0.1271186440677966 0.951048951048951 0.1271186440677966 0.951048951048951 0.06779661016949153
0 0.8391608391608392 0.5847457627118644 0.7622377622377622 0.5847457627118644 0.7622377622377622 0.6440677966101694 0.8391608391608392 0.6440677966101694 0.8391608391608392 0.5847457627118644
0 0.9020979020979021 0.5847457627118644 0.8391608391608392 0.5847457627118644 0.8391608391608392 0.6440677966101694 0.9020979020979021 0.6440677966101694 0.9020979020979021 0.5847457627118644