0 0.10897435897435898 0.09271523178807947 0.038461538461538464 0.09271523178807947 0.038461538461538464 0.152317880794702 0.10897435897435898 0.152317880794702 0.10897435897435898 0.09271523178807947
0 0.17307692307692307 0.41721854304635764 0.09615384615384616 0.41721854304635764 0.09615384615384616 0.4768211920529801 0.17307692307692307 0.4768211920529801 0.17307692307692307 0.41721854304635764
0 0.967948717948718 0.39072847682119205 0.8974358974358975 0.39072847682119205 0.8974358974358975 0.47019867549668876 0.967948717948718 0.47019867549668876 0.967948717948718 0.39072847682119205
0 0.04487179487179487 0.07947019867549669 0 0.07947019867549669 0 0.1456953642384106 0.04487179487179487 0.1456953642384106 0.04487179487179487 0.07947019867549669
0 0.04487179487179487 0.152317880794702 0 0.152317880794702 0 0.2251655629139073 0.04487179487179487 0.2251655629139073 0.04487179487179487 0.152317880794702
0 0.03205128205128205 0.3973509933774834 0 0.3973509933774834 0 0.47019867549668876 0.03205128205128205 0.47019867549668876 0.03205128205128205 0.3973509933774834
0 0.8205128205128205 0.8410596026490066 0.7371794871794872 0.8410596026490066 0.7371794871794872 0.9205298013245033 0.8205128205128205 0.9205298013245033 0.8205128205128205 0.8410596026490066
0 0.4551282051282051 0.09933774834437085 0.391025641025641 0.09933774834437085 0.391025641025641 0.17218543046357615 0.4551282051282051 0.17218543046357615 0.4551282051282051 0.09933774834437085
0 0.9743589743589743 0.6754966887417219 0.8974358974358975 0.6754966887417219 0.8974358974358975 0.7417218543046358 0.9743589743589743 0.7417218543046358 0.9743589743589743 0.6754966887417219
0 0.03205128205128205 0.9470198675496688 0 0.9470198675496688 0 0.9933774834437086 0.03205128205128205 0.9933774834437086 0.03205128205128205 0.9470198675496688
0 0.03205128205128205 0.8211920529801324 0 0.8211920529801324 0 0.8940397350993378 0.03205128205128205 0.8940397350993378 0.03205128205128205 0.8211920529801324
0 0.1987179487179487 0.18543046357615894 0.11538461538461539 0.18543046357615894 0.11538461538461539 0.2582781456953642 0.1987179487179487 0.2582781456953642 0.1987179487179487 0.18543046357615894
0 0.1858974358974359 0.0728476821192053 0.10897435897435898 0.0728476821192053 0.10897435897435898 0.1456953642384106 0.1858974358974359 0.1456953642384106 0.1858974358974359 0.0728476821192053
0 0.10256410256410256 0.8940397350993378 0.00641025641025641 0.8940397350993378 0.00641025641025641 0.9536423841059603 0.10256410256410256 0.9536423841059603 0.10256410256410256 0.8940397350993378
0 0.14102564102564102 0.4966887417218543 0.057692307692307696 0.4966887417218543 0.057692307692307696 0.5695364238410596 0.14102564102564102 0.5695364238410596 0.14102564102564102 0.4966887417218543
0 0.0641025641025641 0.5960264900662252 0 0.5960264900662252 0 0.6754966887417219 0.0641025641025641 0.6754966887417219 0.0641025641025641 0.5960264900662252
0 0.4807692307692308 0.31788079470198677 0.38461538461538464 0.31788079470198677 0.38461538461538464 0.39072847682119205 0.4807692307692308 0.39072847682119205 0.4807692307692308 0.31788079470198677
0 0.9230769230769231 0.33112582781456956 0.8397435897435898 0.33112582781456956 0.8397435897435898 0.39072847682119205 0.9230769230769231 0.39072847682119205 0.9230769230769231 0.33112582781456956