0 0.4577259475218659 0.7163461538461539 0.40524781341107874 0.7163461538461539 0.40524781341107874 0.7788461538461539 0.4577259475218659 0.7788461538461539 0.4577259475218659 0.7163461538461539
0 0.8338192419825073 0.6923076923076923 0.7842565597667639 0.6923076923076923 0.7842565597667639 0.7596153846153846 0.8338192419825073 0.7596153846153846 0.8338192419825073 0.6923076923076923
0 0.5131195335276968 0.8653846153846154 0.46355685131195334 0.8653846153846154 0.46355685131195334 0.9230769230769231 0.5131195335276968 0.9230769230769231 0.5131195335276968 0.8653846153846154
0 0.9941690962099126 0.8413461538461539 0.956268221574344 0.8413461538461539 0.956268221574344 0.8990384615384616 0.9941690962099126 0.8990384615384616 0.9941690962099126 0.8413461538461539
0 0.7259475218658892 0.8461538461538461 0.6822157434402333 0.8461538461538461 0.6822157434402333 0.9086538461538461 0.7259475218658892 0.9086538461538461 0.7259475218658892 0.8461538461538461
0 0.7376093294460642 0.9230769230769231 0.6822157434402333 0.9230769230769231 0.6822157434402333 0.9903846153846154 0.7376093294460642 0.9903846153846154 0.7376093294460642 0.9230769230769231
0 0.8979591836734694 0.8413461538461539 0.8542274052478134 0.8413461538461539 0.8542274052478134 0.9038461538461539 0.8979591836734694 0.9038461538461539 0.8979591836734694 0.8413461538461539
0 0.25072886297376096 0.8846153846153846 0.20699708454810495 0.8846153846153846 0.20699708454810495 0.9375 0.25072886297376096 0.9375 0.25072886297376096 0.8846153846153846
0 0.565597667638484 0.5480769230769231 0.5072886297376094 0.5480769230769231 0.5072886297376094 0.6105769230769231 0.565597667638484 0.6105769230769231 0.565597667638484 0.5480769230769231
0 0.5131195335276968 0.7980769230769231 0.4577259475218659 0.7980769230769231 0.4577259475218659 0.8605769230769231 0.5131195335276968 0.8605769230769231 0.5131195335276968 0.7980769230769231
0 0.5597667638483965 0 0.5072886297376094 0 0.5072886297376094 0.04326923076923077 0.5597667638483965 0.04326923076923077 0.5597667638483965 0
0 0.8862973760932945 0.1346153846153846 0.8338192419825073 0.1346153846153846 0.8338192419825073 0.20192307692307693 0.8862973760932945 0.20192307692307693 0.8862973760932945 0.1346153846153846
0 0.5597667638483965 0.4855769230769231 0.5131195335276968 0.4855769230769231 0.5131195335276968 0.5432692307692307 0.5597667638483965 0.5432692307692307 0.5597667638483965 0.4855769230769231
0 0.5014577259475219 0 0.4518950437317784 0 0.4518950437317784 0.04807692307692308 0.5014577259475219 0.04807692307692308 0.5014577259475219 0
0 0.6763848396501457 0.8461538461538461 0.6297376093294461 0.8461538461538461 0.6297376093294461 0.9086538461538461 0.6763848396501457 0.9086538461538461 0.6763848396501457 0.8461538461538461
0 0.6122448979591837 0.23557692307692307 0.565597667638484 0.23557692307692307 0.565597667638484 0.30288461538461536 0.6122448979591837 0.30288461538461536 0.6122448979591837 0.23557692307692307
0 0.9883381924198251 0.9038461538461539 0.9504373177842566 0.9038461538461539 0.9504373177842566 0.9663461538461539 0.9883381924198251 0.9663461538461539 0.9883381924198251 0.9038461538461539
0 0.4518950437317784 0.6490384615384616 0.40524781341107874 0.6490384615384616 0.40524781341107874 0.7115384615384616 0.4518950437317784 0.7115384615384616 0.4518950437317784 0.6490384615384616
0 0.6180758017492711 0.04807692307692308 0.565597667638484 0.04807692307692308 0.565597667638484 0.11057692307692307 0.6180758017492711 0.11057692307692307 0.6180758017492711 0.04807692307692308
0 0.8338192419825073 0.6105769230769231 0.7842565597667639 0.6105769230769231 0.7842565597667639 0.6778846153846154 0.8338192419825073 0.6778846153846154 0.8338192419825073 0.6105769230769231
0 0.9387755102040817 0.8413461538461539 0.8979591836734694 0.8413461538461539 0.8979591836734694 0.9038461538461539 0.9387755102040817 0.9038461538461539 0.9387755102040817 0.8413461538461539
0 0.5131195335276968 0.9278846153846154 0.46355685131195334 0.9278846153846154 0.46355685131195334 0.9903846153846154 0.5131195335276968 0.9903846153846154 0.5131195335276968 0.9278846153846154
0 0.7842565597667639 0.6923076923076923 0.7376093294460642 0.6923076923076923 0.7376093294460642 0.7596153846153846 0.7842565597667639 0.7596153846153846 0.7842565597667639 0.6923076923076923
0 0.4489795918367347 0 0.40524781341107874 0 0.40524781341107874 0.04807692307692308 0.4489795918367347 0.04807692307692308 0.4489795918367347 0
0 0.7842565597667639 0.5336538461538461 0.7317784256559767 0.5336538461538461 0.7317784256559767 0.5961538461538461 0.7842565597667639 0.5961538461538461 0.7842565597667639 0.5336538461538461
0 0.7842565597667639 0.7596153846153846 0.7376093294460642 0.7596153846153846 0.7376093294460642 0.8365384615384616 0.7842565597667639 0.8365384615384616 0.7842565597667639 0.7596153846153846
0 0.2565597667638484 0.6538461538461539 0.21282798833819241 0.6538461538461539 0.21282798833819241 0.7115384615384616 0.2565597667638484 0.7115384615384616 0.2565597667638484 0.6538461538461539
0 0.3032069970845481 0.8125 0.2594752186588921 0.8125 0.2594752186588921 0.8798076923076923 0.3032069970845481 0.8798076923076923 0.3032069970845481 0.8125
0 0.20116618075801748 0.7980769230769231 0.15451895043731778 0.7980769230769231 0.15451895043731778 0.8653846153846154 0.20116618075801748 0.8653846153846154 0.20116618075801748 0.7980769230769231
0 0.8425655976676385 0.9230769230769231 0.7900874635568513 0.9230769230769231 0.7900874635568513 0.9903846153846154 0.8425655976676385 0.9903846153846154 0.8425655976676385 0.9230769230769231
0 0.7259475218658892 0.22115384615384615 0.6763848396501457 0.22115384615384615 0.6763848396501457 0.2932692307692308 0.7259475218658892 0.2932692307692308 0.7259475218658892 0.22115384615384615
0 0.7842565597667639 0.04807692307692308 0.7259475218658892 0.04807692307692308 0.7259475218658892 0.11057692307692307 0.7842565597667639 0.11057692307692307 0.7842565597667639 0.04807692307692308
0 0.20116618075801748 0.7163461538461539 0.16034985422740525 0.7163461538461539 0.16034985422740525 0.7836538461538461 0.20116618075801748 0.7836538461538461 0.20116618075801748 0.7163461538461539
0 0.7317784256559767 0.6971153846153846 0.673469387755102 0.6971153846153846 0.673469387755102 0.7596153846153846 0.7317784256559767 0.7596153846153846 0.7317784256559767 0.6971153846153846
0 0.5072886297376094 0.6394230769230769 0.4577259475218659 0.6394230769230769 0.4577259475218659 0.7019230769230769 0.5072886297376094 0.7019230769230769 0.5072886297376094 0.6394230769230769
0 0.7842565597667639 0.6105769230769231 0.7317784256559767 0.6105769230769231 0.7317784256559767 0.6778846153846154 0.7842565597667639 0.6778846153846154 0.7842565597667639 0.6105769230769231
0 0.880466472303207 0.36538461538461536 0.8338192419825073 0.36538461538461536 0.8338192419825073 0.42788461538461536 0.880466472303207 0.42788461538461536 0.880466472303207 0.36538461538461536
0 0.7317784256559767 0.1346153846153846 0.6763848396501457 0.1346153846153846 0.6763848396501457 0.21153846153846154 0.7317784256559767 0.21153846153846154 0.7317784256559767 0.1346153846153846
0 0.9446064139941691 0.4375 0.8862973760932945 0.4375 0.8862973760932945 0.5096153846153846 0.9446064139941691 0.5096153846153846 0.9446064139941691 0.4375
0 0.6122448979591837 0.3125 0.565597667638484 0.3125 0.565597667638484 0.375 0.6122448979591837 0.375 0.6122448979591837 0.3125
0 0.673469387755102 0.5480769230769231 0.6297376093294461 0.5480769230769231 0.6297376093294461 0.6105769230769231 0.673469387755102 0.6105769230769231 0.673469387755102 0.5480769230769231
0 0.8483965014577259 0.8413461538461539 0.7900874635568513 0.8413461538461539 0.7900874635568513 0.9038461538461539 0.8483965014577259 0.9038461538461539 0.8483965014577259 0.8413461538461539
0 0.39941690962099125 0.13942307692307693 0.35276967930029157 0.13942307692307693 0.35276967930029157 0.1971153846153846 0.39941690962099125 0.1971153846153846 0.39941690962099125 0.13942307692307693
0 0.5072886297376094 0.7163461538461539 0.46355685131195334 0.7163461538461539 0.46355685131195334 0.7788461538461539 0.5072886297376094 0.7788461538461539 0.5072886297376094 0.7163461538461539
0 0.5597667638483965 0.22115384615384615 0.5131195335276968 0.22115384615384615 0.5131195335276968 0.2980769230769231 0.5597667638483965 0.2980769230769231 0.5597667638483965 0.22115384615384615
0 0.4518950437317784 0.5673076923076923 0.39941690962099125 0.5673076923076923 0.39941690962099125 0.6346153846153846 0.4518950437317784 0.6346153846153846 0.4518950437317784 0.5673076923076923
0 0.3469387755102041 0.2932692307692308 0.3032069970845481 0.2932692307692308 0.3032069970845481 0.3557692307692308 0.3469387755102041 0.3557692307692308 0.3469387755102041 0.2932692307692308
0 0.880466472303207 0.4375 0.8367346938775511 0.4375 0.8367346938775511 0.5 0.880466472303207 0.5 0.880466472303207 0.4375
0 0.6763848396501457 0.9230769230769231 0.6239067055393586 0.9230769230769231 0.6239067055393586 0.9903846153846154 0.6763848396501457 0.9903846153846154 0.6763848396501457 0.9230769230769231
0 0.4577259475218659 0.8653846153846154 0.40524781341107874 0.8653846153846154 0.40524781341107874 0.9230769230769231 0.4577259475218659 0.9230769230769231 0.4577259475218659 0.8653846153846154
0 0.7317784256559767 0.625 0.673469387755102 0.625 0.673469387755102 0.6875 0.7317784256559767 0.6875 0.7317784256559767 0.625
0 0.8279883381924198 0.21634615384615385 0.7842565597667639 0.21634615384615385 0.7842565597667639 0.28365384615384615 0.8279883381924198 0.28365384615384615 0.8279883381924198 0.21634615384615385
0 0.880466472303207 0.21634615384615385 0.8338192419825073 0.21634615384615385 0.8338192419825073 0.27884615384615385 0.880466472303207 0.27884615384615385 0.880466472303207 0.21634615384615385
0 0.34110787172011664 0.21634615384615385 0.3032069970845481 0.21634615384615385 0.3032069970845481 0.27884615384615385 0.34110787172011664 0.27884615384615385 0.34110787172011664 0.21634615384615385
0 0.7784256559766763 0.30288461538461536 0.7376093294460642 0.30288461538461536 0.7376093294460642 0.3605769230769231 0.7784256559766763 0.3605769230769231 0.7784256559766763 0.30288461538461536
0 0.9446064139941691 0.3557692307692308 0.8862973760932945 0.3557692307692308 0.8862973760932945 0.4230769230769231 0.9446064139941691 0.4230769230769231 0.9446064139941691 0.3557692307692308
0 0.9446064139941691 0.21634615384615385 0.892128279883382 0.21634615384615385 0.892128279883382 0.28365384615384615 0.9446064139941691 0.28365384615384615 0.9446064139941691 0.21634615384615385
0 0.673469387755102 0.21634615384615385 0.6239067055393586 0.21634615384615385 0.6239067055393586 0.2932692307692308 0.673469387755102 0.2932692307692308 0.673469387755102 0.21634615384615385
0 0.3469387755102041 0.1346153846153846 0.29737609329446063 0.1346153846153846 0.29737609329446063 0.1971153846153846 0.3469387755102041 0.1971153846153846 0.3469387755102041 0.1346153846153846
0 0.565597667638484 0.1346153846153846 0.5131195335276968 0.1346153846153846 0.5131195335276968 0.20192307692307693 0.565597667638484 0.20192307692307693 0.565597667638484 0.1346153846153846
0 0.35276967930029157 0.8846153846153846 0.30903790087463556 0.8846153846153846 0.30903790087463556 0.9375 0.35276967930029157 0.9375 0.35276967930029157 0.8846153846153846
0 0.5072886297376094 0.23557692307692307 0.4577259475218659 0.23557692307692307 0.4577259475218659 0.2980769230769231 0.5072886297376094 0.2980769230769231 0.5072886297376094 0.23557692307692307
0 0.25072886297376096 0.8028846153846154 0.20699708454810495 0.8028846153846154 0.20699708454810495 0.8653846153846154 0.25072886297376096 0.8653846153846154 0.25072886297376096 0.8028846153846154
0 0.7259475218658892 0.7740384615384616 0.6763848396501457 0.7740384615384616 0.6763848396501457 0.8413461538461539 0.7259475218658892 0.8413461538461539 0.7259475218658892 0.7740384615384616
0 0.39941690962099125 0.2980769230769231 0.35276967930029157 0.2980769230769231 0.35276967930029157 0.36538461538461536 0.39941690962099125 0.36538461538461536 0.39941690962099125 0.2980769230769231
0 0.673469387755102 0.625 0.6297376093294461 0.625 0.6297376093294461 0.6875 0.673469387755102 0.6875 0.673469387755102 0.625
0 0.7784256559766763 0.21634615384615385 0.7259475218658892 0.21634615384615385 0.7259475218658892 0.2932692307692308 0.7784256559766763 0.2932692307692308 0.7784256559766763 0.21634615384615385
0 0.24489795918367346 0.21634615384615385 0.19533527696793002 0.21634615384615385 0.19533527696793002 0.28365384615384615 0.24489795918367346 0.28365384615384615 0.24489795918367346 0.21634615384615385
0 0.29737609329446063 0.13942307692307693 0.25072886297376096 0.13942307692307693 0.25072886297376096 0.21153846153846154 0.29737609329446063 0.21153846153846154 0.29737609329446063 0.13942307692307693
0 0.39941690962099125 0.7211538461538461 0.35276967930029157 0.7211538461538461 0.35276967930029157 0.7836538461538461 0.39941690962099125 0.7836538461538461 0.39941690962099125 0.7211538461538461
0 0.7842565597667639 0.12980769230769232 0.7317784256559767 0.12980769230769232 0.7317784256559767 0.1971153846153846 0.7842565597667639 0.1971153846153846 0.7842565597667639 0.12980769230769232
0 0.8338192419825073 0 0.7842565597667639 0 0.7842565597667639 0.03365384615384615 0.8338192419825073 0.03365384615384615 0.8338192419825073 0
0 0.14285714285714285 0.5528846153846154 0.09620991253644315 0.5528846153846154 0.09620991253644315 0.6153846153846154 0.14285714285714285 0.6153846153846154 0.14285714285714285 0.5528846153846154
0 0.4518950437317784 0.22115384615384615 0.40524781341107874 0.22115384615384615 0.40524781341107874 0.2980769230769231 0.4518950437317784 0.2980769230769231 0.4518950437317784 0.22115384615384615
0 0.24489795918367346 0.1346153846153846 0.20116618075801748 0.1346153846153846 0.20116618075801748 0.21153846153846154 0.24489795918367346 0.21153846153846154 0.24489795918367346 0.1346153846153846
0 0.4489795918367347 0.3125 0.40524781341107874 0.3125 0.40524781341107874 0.375 0.4489795918367347 0.375 0.4489795918367347 0.3125
0 0.13702623906705538 0 0.09037900874635568 0 0.09037900874635568 0.04807692307692308 0.13702623906705538 0.04807692307692308 0.13702623906705538 0
0 0.6239067055393586 0.5480769230769231 0.5714285714285714 0.5480769230769231 0.5714285714285714 0.6105769230769231 0.6239067055393586 0.6105769230769231 0.6239067055393586 0.5480769230769231
0 0.4518950437317784 0.49038461538461536 0.39941690962099125 0.49038461538461536 0.39941690962099125 0.5480769230769231 0.4518950437317784 0.5480769230769231 0.4518950437317784 0.49038461538461536
0 0.5072886297376094 0.5625 0.4577259475218659 0.5625 0.4577259475218659 0.6298076923076923 0.5072886297376094 0.6298076923076923 0.5072886297376094 0.5625
0 0.5072886297376094 0.47115384615384615 0.4577259475218659 0.47115384615384615 0.4577259475218659 0.5480769230769231 0.5072886297376094 0.5480769230769231 0.5072886297376094 0.47115384615384615
0 0.6122448979591837 0 0.565597667638484 0 0.565597667638484 0.04326923076923077 0.6122448979591837 0.04326923076923077 0.6122448979591837 0
0 0.5597667638483965 0.04807692307692308 0.5131195335276968 0.04807692307692308 0.5131195335276968 0.11538461538461539 0.5597667638483965 0.11538461538461539 0.5597667638483965 0.04807692307692308
0 0.3469387755102041 0.4855769230769231 0.3032069970845481 0.4855769230769231 0.3032069970845481 0.5528846153846154 0.3469387755102041 0.5528846153846154 0.3469387755102041 0.4855769230769231
0 0.6239067055393586 0.9278846153846154 0.577259475218659 0.9278846153846154 0.577259475218659 0.9903846153846154 0.6239067055393586 0.9903846153846154 0.6239067055393586 0.9278846153846154
0 0.8338192419825073 0.7596153846153846 0.7900874635568513 0.7596153846153846 0.7900874635568513 0.8269230769230769 0.8338192419825073 0.8269230769230769 0.8338192419825073 0.7596153846153846
0 0.09037900874635568 0.7980769230769231 0.04664723032069971 0.7980769230769231 0.04664723032069971 0.875 0.09037900874635568 0.875 0.09037900874635568 0.7980769230769231
0 0.29737609329446063 0.21634615384615385 0.25072886297376096 0.21634615384615385 0.25072886297376096 0.28365384615384615 0.29737609329446063 0.28365384615384615 0.29737609329446063 0.21634615384615385
0 0.880466472303207 0.5144230769230769 0.8338192419825073 0.5144230769230769 0.8338192419825073 0.5913461538461539 0.880466472303207 0.5913461538461539 0.880466472303207 0.5144230769230769
0 0.880466472303207 0 0.8338192419825073 0 0.8338192419825073 0.028846153846153848 0.880466472303207 0.028846153846153848 0.880466472303207 0
0 0.8279883381924198 0.2980769230769231 0.7842565597667639 0.2980769230769231 0.7842565597667639 0.3557692307692308 0.8279883381924198 0.3557692307692308 0.8279883381924198 0.2980769230769231
0 0.6822157434402333 0.47115384615384615 0.6297376093294461 0.47115384615384615 0.6297376093294461 0.5336538461538461 0.6822157434402333 0.5336538461538461 0.6822157434402333 0.47115384615384615
0 0.9387755102040817 0.9230769230769231 0.9008746355685131 0.9230769230769231 0.9008746355685131 0.9807692307692307 0.9387755102040817 0.9807692307692307 0.9387755102040817 0.9230769230769231
0 0.24489795918367346 0.2980769230769231 0.19533527696793002 0.2980769230769231 0.19533527696793002 0.375 0.24489795918367346 0.375 0.24489795918367346 0.2980769230769231
0 0.24489795918367346 0.5673076923076923 0.20116618075801748 0.5673076923076923 0.20116618075801748 0.6346153846153846 0.24489795918367346 0.6346153846153846 0.24489795918367346 0.5673076923076923
0 0.9446064139941691 0.04326923076923077 0.8862973760932945 0.04326923076923077 0.8862973760932945 0.11057692307692307 0.9446064139941691 0.11057692307692307 0.9446064139941691 0.04326923076923077
0 0.24489795918367346 0.4807692307692308 0.20116618075801748 0.4807692307692308 0.20116618075801748 0.5480769230769231 0.24489795918367346 0.5480769230769231 0.24489795918367346 0.4807692307692308
0 0.565597667638484 0.7019230769230769 0.5131195335276968 0.7019230769230769 0.5131195335276968 0.7740384615384616 0.565597667638484 0.7740384615384616 0.565597667638484 0.7019230769230769
0 0.3469387755102041 0.5673076923076923 0.30903790087463556 0.5673076923076923 0.30903790087463556 0.6346153846153846 0.3469387755102041 0.6346153846153846 0.3469387755102041 0.5673076923076923
0 0.9387755102040817 0 0.8979591836734694 0 0.8979591836734694 0.028846153846153848 0.9387755102040817 0.028846153846153848 0.9387755102040817 0
0 0.19533527696793002 0.21634615384615385 0.14868804664723032 0.21634615384615385 0.14868804664723032 0.2932692307692308 0.19533527696793002 0.2932692307692308 0.19533527696793002 0.21634615384615385
0 0.8279883381924198 0.36538461538461536 0.7784256559766763 0.36538461538461536 0.7784256559766763 0.42788461538461536 0.8279883381924198 0.42788461538461536 0.8279883381924198 0.36538461538461536
0 0.7259475218658892 0.052884615384615384 0.6763848396501457 0.052884615384615384 0.6763848396501457 0.11538461538461539 0.7259475218658892 0.11538461538461539 0.7259475218658892 0.052884615384615384
0 0.6676384839650146 0.6971153846153846 0.6239067055393586 0.6971153846153846 0.6239067055393586 0.7644230769230769 0.6676384839650146 0.7644230769230769 0.6676384839650146 0.6971153846153846
0 0.673469387755102 0.7788461538461539 0.6297376093294461 0.7788461538461539 0.6297376093294461 0.8413461538461539 0.673469387755102 0.8413461538461539 0.673469387755102 0.7788461538461539
0 0.6239067055393586 0.8557692307692307 0.5714285714285714 0.8557692307692307 0.5714285714285714 0.9182692307692307 0.6239067055393586 0.9182692307692307 0.6239067055393586 0.8557692307692307
0 0.6239067055393586 0.625 0.577259475218659 0.625 0.577259475218659 0.6875 0.6239067055393586 0.6875 0.6239067055393586 0.625
0 0.13119533527696792 0.3125 0.09037900874635568 0.3125 0.09037900874635568 0.3798076923076923 0.13119533527696792 0.3798076923076923 0.13119533527696792 0.3125
0 0.20116618075801748 0.6394230769230769 0.14868804664723032 0.6394230769230769 0.14868804664723032 0.7019230769230769 0.20116618075801748 0.7019230769230769 0.20116618075801748 0.6394230769230769
0 0.24489795918367346 0.3894230769230769 0.19533527696793002 0.3894230769230769 0.19533527696793002 0.46153846153846156 0.24489795918367346 0.46153846153846156 0.24489795918367346 0.3894230769230769
0 0.7842565597667639 0.8413461538461539 0.7376093294460642 0.8413461538461539 0.7376093294460642 0.9086538461538461 0.7842565597667639 0.9086538461538461 0.7842565597667639 0.8413461538461539
0 0.6239067055393586 0.4807692307692308 0.565597667638484 0.4807692307692308 0.565597667638484 0.5336538461538461 0.6239067055393586 0.5336538461538461 0.6239067055393586 0.4807692307692308
0 0.6239067055393586 0.7019230769230769 0.5714285714285714 0.7019230769230769 0.5714285714285714 0.7740384615384616 0.6239067055393586 0.7740384615384616 0.6239067055393586 0.7019230769230769
0 0.04081632653061224 0.6490384615384616 0 0.6490384615384616 0 0.7115384615384616 0.04081632653061224 0.7115384615384616 0.04081632653061224 0.6490384615384616
0 0.29737609329446063 0.2980769230769231 0.25072886297376096 0.2980769230769231 0.25072886297376096 0.3557692307692308 0.29737609329446063 0.3557692307692308 0.29737609329446063 0.2980769230769231
0 0.6180758017492711 0.1346153846153846 0.5714285714285714 0.1346153846153846 0.5714285714285714 0.20192307692307693 0.6180758017492711 0.20192307692307693 0.6180758017492711 0.1346153846153846
0 0.20699708454810495 0.8798076923076923 0.15451895043731778 0.8798076923076923 0.15451895043731778 0.9471153846153846 0.20699708454810495 0.9471153846153846 0.20699708454810495 0.8798076923076923
0 0.673469387755102 0.1346153846153846 0.6180758017492711 0.1346153846153846 0.6180758017492711 0.20192307692307693 0.673469387755102 0.20192307692307693 0.673469387755102 0.1346153846153846
0 0.565597667638484 0.9278846153846154 0.521865889212828 0.9278846153846154 0.521865889212828 0.9903846153846154 0.565597667638484 0.9903846153846154 0.565597667638484 0.9278846153846154
0 0.5597667638483965 0.3125 0.5072886297376094 0.3125 0.5072886297376094 0.3798076923076923 0.5597667638483965 0.3798076923076923 0.5597667638483965 0.3125
0 0.5014577259475219 0.3125 0.4577259475218659 0.3125 0.4577259475218659 0.375 0.5014577259475219 0.375 0.5014577259475219 0.3125
0 0.892128279883382 0.6923076923076923 0.8425655976676385 0.6923076923076923 0.8425655976676385 0.7548076923076923 0.892128279883382 0.7548076923076923 0.892128279883382 0.6923076923076923
0 0.3032069970845481 0.6538461538461539 0.2653061224489796 0.6538461538461539 0.2653061224489796 0.7163461538461539 0.3032069970845481 0.7163461538461539 0.3032069970845481 0.6538461538461539
0 0.09620991253644315 0.8846153846153846 0.052478134110787174 0.8846153846153846 0.052478134110787174 0.9423076923076923 0.09620991253644315 0.9423076923076923 0.09620991253644315 0.8846153846153846
0 0.14285714285714285 0.052884615384615384 0.09620991253644315 0.052884615384615384 0.09620991253644315 0.125 0.14285714285714285 0.125 0.14285714285714285 0.052884615384615384
0 0.09037900874635568 0.7163461538461539 0.04664723032069971 0.7163461538461539 0.04664723032069971 0.7836538461538461 0.09037900874635568 0.7836538461538461 0.09037900874635568 0.7163461538461539
0 0.19533527696793002 0 0.14285714285714285 0 0.14285714285714285 0.04807692307692308 0.19533527696793002 0.04807692307692308 0.19533527696793002 0
0 0.1924198250728863 0.30288461538461536 0.14868804664723032 0.30288461538461536 0.14868804664723032 0.3798076923076923 0.1924198250728863 0.3798076923076923 0.1924198250728863 0.30288461538461536
0 0.09037900874635568 0.39903846153846156 0.04664723032069971 0.39903846153846156 0.04664723032069971 0.46634615384615385 0.09037900874635568 0.46634615384615385 0.09037900874635568 0.39903846153846156
0 0.19533527696793002 0.49038461538461536 0.14285714285714285 0.49038461538461536 0.14285714285714285 0.5528846153846154 0.19533527696793002 0.5528846153846154 0.19533527696793002 0.49038461538461536
0 0.04664723032069971 0.47115384615384615 0.0029154518950437317 0.47115384615384615 0.0029154518950437317 0.5336538461538461 0.04664723032069971 0.5336538461538461 0.04664723032069971 0.47115384615384615
0 0.09912536443148688 0.9471153846153846 0.052478134110787174 0.9471153846153846 0.052478134110787174 0.9903846153846154 0.09912536443148688 0.9903846153846154 0.09912536443148688 0.9471153846153846
0 0.3032069970845481 0.5673076923076923 0.25072886297376096 0.5673076923076923 0.25072886297376096 0.6394230769230769 0.3032069970845481 0.6394230769230769 0.3032069970845481 0.5673076923076923
0 0.09620991253644315 0.47115384615384615 0.052478134110787174 0.47115384615384615 0.052478134110787174 0.5480769230769231 0.09620991253644315 0.5480769230769231 0.09620991253644315 0.47115384615384615
0 0.5072886297376094 0.12980769230769232 0.46355685131195334 0.12980769230769232 0.46355685131195334 0.1971153846153846 0.5072886297376094 0.1971153846153846 0.5072886297376094 0.12980769230769232
0 0.39941690962099125 0.49038461538461536 0.3469387755102041 0.49038461538461536 0.3469387755102041 0.5528846153846154 0.39941690962099125 0.5528846153846154 0.39941690962099125 0.49038461538461536
0 0.565597667638484 0.6298076923076923 0.5072886297376094 0.6298076923076923 0.5072886297376094 0.6971153846153846 0.565597667638484 0.6971153846153846 0.565597667638484 0.6298076923076923
0 0.14868804664723032 0.8173076923076923 0.09912536443148688 0.8173076923076923 0.09912536443148688 0.875 0.14868804664723032 0.875 0.14868804664723032 0.8173076923076923
0 0.39941690962099125 0.5673076923076923 0.3469387755102041 0.5673076923076923 0.3469387755102041 0.6346153846153846 0.39941690962099125 0.6346153846153846 0.39941690962099125 0.5673076923076923
0 0.14285714285714285 0.625 0.09620991253644315 0.625 0.09620991253644315 0.6923076923076923 0.14285714285714285 0.6923076923076923 0.14285714285714285 0.625
0 0.673469387755102 0.04807692307692308 0.6239067055393586 0.04807692307692308 0.6239067055393586 0.11057692307692307 0.673469387755102 0.11057692307692307 0.673469387755102 0.04807692307692308
0 0.5014577259475219 0.38461538461538464 0.4577259475218659 0.38461538461538464 0.4577259475218659 0.4519230769230769 0.5014577259475219 0.4519230769230769 0.5014577259475219 0.38461538461538464
0 0.20116618075801748 0.5673076923076923 0.14868804664723032 0.5673076923076923 0.14868804664723032 0.6346153846153846 0.20116618075801748 0.6346153846153846 0.20116618075801748 0.5673076923076923
0 0.7259475218658892 0.5432692307692307 0.6763848396501457 0.5432692307692307 0.6763848396501457 0.6105769230769231 0.7259475218658892 0.6105769230769231 0.7259475218658892 0.5432692307692307
0 0.39941690962099125 0.8798076923076923 0.36151603498542273 0.8798076923076923 0.36151603498542273 0.9278846153846154 0.39941690962099125 0.9278846153846154 0.39941690962099125 0.8798076923076923
0 0.4577259475218659 0.7932692307692307 0.4110787172011662 0.7932692307692307 0.4110787172011662 0.8605769230769231 0.4577259475218659 0.8605769230769231 0.4577259475218659 0.7932692307692307
0 0.04664723032069971 0.7163461538461539 0 0.7163461538461539 0 0.7836538461538461 0.04664723032069971 0.7836538461538461 0.04664723032069971 0.7163461538461539
0 0.8338192419825073 0.1346153846153846 0.7900874635568513 0.1346153846153846 0.7900874635568513 0.1971153846153846 0.8338192419825073 0.1971153846153846 0.8338192419825073 0.1346153846153846
0 0.8862973760932945 0.6105769230769231 0.8367346938775511 0.6105769230769231 0.8367346938775511 0.6730769230769231 0.8862973760932945 0.6730769230769231 0.8862973760932945 0.6105769230769231
0 0.6239067055393586 0.7788461538461539 0.5714285714285714 0.7788461538461539 0.5714285714285714 0.8413461538461539 0.6239067055393586 0.8413461538461539 0.6239067055393586 0.7788461538461539
0 0.3469387755102041 0.04807692307692308 0.29737609329446063 0.04807692307692308 0.29737609329446063 0.125 0.3469387755102041 0.125 0.3469387755102041 0.04807692307692308
0 0.4577259475218659 0.9278846153846154 0.40524781341107874 0.9278846153846154 0.40524781341107874 0.9903846153846154 0.4577259475218659 0.9903846153846154 0.4577259475218659 0.9278846153846154
0 0.5072886297376094 0.052884615384615384 0.4518950437317784 0.052884615384615384 0.4518950437317784 0.125 0.5072886297376094 0.125 0.5072886297376094 0.052884615384615384
0 0.7842565597667639 0.9278846153846154 0.7405247813411079 0.9278846153846154 0.7405247813411079 0.9903846153846154 0.7842565597667639 0.9903846153846154 0.7842565597667639 0.9278846153846154
0 0.34110787172011664 0.6538461538461539 0.30903790087463556 0.6538461538461539 0.30903790087463556 0.7163461538461539 0.34110787172011664 0.7163461538461539 0.34110787172011664 0.6538461538461539
0 0.8862973760932945 0.04807692307692308 0.8338192419825073 0.04807692307692308 0.8338192419825073 0.11538461538461539 0.8862973760932945 0.11538461538461539 0.8862973760932945 0.04807692307692308
0 0.09037900874635568 0.6298076923076923 0.04664723032069971 0.6298076923076923 0.04664723032069971 0.6971153846153846 0.09037900874635568 0.6971153846153846 0.09037900874635568 0.6298076923076923
0 0.14868804664723032 0.8846153846153846 0.09912536443148688 0.8846153846153846 0.09912536443148688 0.9471153846153846 0.14868804664723032 0.9471153846153846 0.14868804664723032 0.8846153846153846
0 0.565597667638484 0.7932692307692307 0.5160349854227405 0.7932692307692307 0.5160349854227405 0.8557692307692307 0.565597667638484 0.8557692307692307 0.565597667638484 0.7932692307692307
0 0.14285714285714285 0.1346153846153846 0.09620991253644315 0.1346153846153846 0.09620991253644315 0.1971153846153846 0.14285714285714285 0.1971153846153846 0.14285714285714285 0.1346153846153846
0 0.3032069970845481 0.8846153846153846 0.2594752186588921 0.8846153846153846 0.2594752186588921 0.9423076923076923 0.3032069970845481 0.9423076923076923 0.3032069970845481 0.8846153846153846
0 0.3032069970845481 0.9471153846153846 0.2653061224489796 0.9471153846153846 0.2653061224489796 0.9903846153846154 0.3032069970845481 0.9903846153846154 0.3032069970845481 0.9471153846153846
0 0.2915451895043732 0.0673076923076923 0.24489795918367346 0.0673076923076923 0.24489795918367346 0.12980769230769232 0.2915451895043732 0.12980769230769232 0.2915451895043732 0.0673076923076923
0 0.35276967930029157 0.9471153846153846 0.30903790087463556 0.9471153846153846 0.30903790087463556 0.9903846153846154 0.35276967930029157 0.9903846153846154 0.35276967930029157 0.9471153846153846
0 0.9446064139941691 0.5144230769230769 0.892128279883382 0.5144230769230769 0.892128279883382 0.5913461538461539 0.9446064139941691 0.5913461538461539 0.9446064139941691 0.5144230769230769
0 0.9941690962099126 0.12980769230769232 0.9446064139941691 0.12980769230769232 0.9446064139941691 0.1971153846153846 0.9941690962099126 0.1971153846153846 0.9941690962099126 0.12980769230769232
0 0.3469387755102041 0.7307692307692307 0.3032069970845481 0.7307692307692307 0.3032069970845481 0.7932692307692307 0.3469387755102041 0.7932692307692307 0.3469387755102041 0.7307692307692307
0 0.39941690962099125 0.3798076923076923 0.3556851311953353 0.3798076923076923 0.3556851311953353 0.44711538461538464 0.39941690962099125 0.44711538461538464 0.39941690962099125 0.3798076923076923
0 0.29737609329446063 0.47115384615384615 0.25072886297376096 0.47115384615384615 0.25072886297376096 0.5432692307692307 0.29737609329446063 0.5432692307692307 0.29737609329446063 0.47115384615384615
0 0.4518950437317784 0.1346153846153846 0.40524781341107874 0.1346153846153846 0.40524781341107874 0.1971153846153846 0.4518950437317784 0.1971153846153846 0.4518950437317784 0.1346153846153846
0 0.8338192419825073 0.4423076923076923 0.7784256559766763 0.4423076923076923 0.7784256559766763 0.5048076923076923 0.8338192419825073 0.5048076923076923 0.8338192419825073 0.4423076923076923
0 0.7201166180758017 0 0.6763848396501457 0 0.6763848396501457 0.04807692307692308 0.7201166180758017 0.04807692307692308 0.7201166180758017 0
0 0.6676384839650146 0 0.6180758017492711 0 0.6180758017492711 0.04326923076923077 0.6676384839650146 0.04326923076923077 0.6676384839650146 0
0 0.39941690962099125 0.21634615384615385 0.3469387755102041 0.21634615384615385 0.3469387755102041 0.2932692307692308 0.39941690962099125 0.2932692307692308 0.39941690962099125 0.21634615384615385
0 0.19533527696793002 0.0673076923076923 0.14285714285714285 0.0673076923076923 0.14285714285714285 0.12980769230769232 0.19533527696793002 0.12980769230769232 0.19533527696793002 0.0673076923076923
0 0.09037900874635568 0.052884615384615384 0.04664723032069971 0.052884615384615384 0.04664723032069971 0.11538461538461539 0.09037900874635568 0.11538461538461539 0.09037900874635568 0.052884615384615384
0 0.4489795918367347 0.052884615384615384 0.39941690962099125 0.052884615384615384 0.39941690962099125 0.125 0.4489795918367347 0.125 0.4489795918367347 0.052884615384615384
0 0.19533527696793002 0.38461538461538464 0.14868804664723032 0.38461538461538464 0.14868804664723032 0.44711538461538464 0.19533527696793002 0.44711538461538464 0.19533527696793002 0.38461538461538464
0 0.6676384839650146 0.30288461538461536 0.6180758017492711 0.30288461538461536 0.6180758017492711 0.375 0.6676384839650146 0.375 0.6676384839650146 0.30288461538461536
0 0.39941690962099125 0 0.35276967930029157 0 0.35276967930029157 0.03365384615384615 0.39941690962099125 0.03365384615384615 0.39941690962099125 0
0 0.20116618075801748 0.9471153846153846 0.15451895043731778 0.9471153846153846 0.15451895043731778 0.9903846153846154 0.20116618075801748 0.9903846153846154 0.20116618075801748 0.9471153846153846
0 0.09037900874635568 0 0.04664723032069971 0 0.04664723032069971 0.04807692307692308 0.09037900874635568 0.04807692307692308 0.09037900874635568 0
0 0.24489795918367346 0 0.20116618075801748 0 0.20116618075801748 0.03365384615384615 0.24489795918367346 0.03365384615384615 0.24489795918367346 0
0 0.09037900874635568 0.3125 0.04664723032069971 0.3125 0.04664723032069971 0.3798076923076923 0.09037900874635568 0.3798076923076923 0.09037900874635568 0.3125
0 0.3469387755102041 0 0.3032069970845481 0 0.3032069970845481 0.04326923076923077 0.3469387755102041 0.04326923076923077 0.3469387755102041 0
0 0.3556851311953353 0.36538461538461536 0.29737609329446063 0.36538461538461536 0.29737609329446063 0.4375 0.3556851311953353 0.4375 0.3556851311953353 0.36538461538461536
0 0.29737609329446063 0 0.25072886297376096 0 0.25072886297376096 0.052884615384615384 0.29737609329446063 0.052884615384615384 0.29737609329446063 0
0 0.04664723032069971 0.8846153846153846 0 0.8846153846153846 0 0.9423076923076923 0.04664723032069971 0.9423076923076923 0.04664723032069971 0.8846153846153846
0 0.19533527696793002 0.1346153846153846 0.14285714285714285 0.1346153846153846 0.14285714285714285 0.1971153846153846 0.19533527696793002 0.1971153846153846 0.19533527696793002 0.1346153846153846
0 0.9941690962099126 0.04807692307692308 0.9504373177842566 0.04807692307692308 0.9504373177842566 0.11057692307692307 0.9941690962099126 0.11057692307692307 0.9941690962099126 0.04807692307692308
0 0.40524781341107874 0.7980769230769231 0.3469387755102041 0.7980769230769231 0.3469387755102041 0.8653846153846154 0.40524781341107874 0.8653846153846154 0.40524781341107874 0.7980769230769231
0 0.04664723032069971 0.9471153846153846 0.0029154518950437317 0.9471153846153846 0.0029154518950437317 0.9903846153846154 0.04664723032069971 0.9903846153846154 0.04664723032069971 0.9471153846153846
0 0.14868804664723032 0.9471153846153846 0.10495626822157435 0.9471153846153846 0.10495626822157435 0.9903846153846154 0.14868804664723032 0.9903846153846154 0.14868804664723032 0.9471153846153846
0 0.7259475218658892 0.30288461538461536 0.6822157434402333 0.30288461538461536 0.6822157434402333 0.3605769230769231 0.7259475218658892 0.3605769230769231 0.7259475218658892 0.30288461538461536
0 0.9387755102040817 0.7596153846153846 0.8979591836734694 0.7596153846153846 0.8979591836734694 0.8269230769230769 0.9387755102040817 0.8269230769230769 0.9387755102040817 0.7596153846153846
0 0.14285714285714285 0.38461538461538464 0.09037900874635568 0.38461538461538464 0.09037900874635568 0.46153846153846156 0.14285714285714285 0.46153846153846156 0.14285714285714285 0.38461538461538464
0 0.39941690962099125 0.6490384615384616 0.34110787172011664 0.6490384615384616 0.34110787172011664 0.7163461538461539 0.39941690962099125 0.7163461538461539 0.39941690962099125 0.6490384615384616
0 0.25072886297376096 0.7163461538461539 0.21282798833819241 0.7163461538461539 0.21282798833819241 0.7932692307692307 0.25072886297376096 0.7932692307692307 0.25072886297376096 0.7163461538461539
0 0.29737609329446063 0.375 0.24489795918367346 0.375 0.24489795918367346 0.44711538461538464 0.29737609329446063 0.44711538461538464 0.29737609329446063 0.375
0 0.9387755102040817 0.1346153846153846 0.892128279883382 0.1346153846153846 0.892128279883382 0.20192307692307693 0.9387755102040817 0.20192307692307693 0.9387755102040817 0.1346153846153846
0 0.892128279883382 0.7596153846153846 0.8483965014577259 0.7596153846153846 0.8483965014577259 0.8221153846153846 0.892128279883382 0.8221153846153846 0.892128279883382 0.7596153846153846
0 0.29737609329446063 0.7307692307692307 0.2653061224489796 0.7307692307692307 0.2653061224489796 0.7932692307692307 0.29737609329446063 0.7932692307692307 0.29737609329446063 0.7307692307692307
0 0.25072886297376096 0.9471153846153846 0.20699708454810495 0.9471153846153846 0.20699708454810495 0.9903846153846154 0.25072886297376096 0.9903846153846154 0.25072886297376096 0.9471153846153846
0 0.8979591836734694 0.9182692307692307 0.8542274052478134 0.9182692307692307 0.8542274052478134 0.9855769230769231 0.8979591836734694 0.9855769230769231 0.8979591836734694 0.9182692307692307
0 0.239067055393586 0.07211538461538461 0.20116618075801748 0.07211538461538461 0.20116618075801748 0.125 0.239067055393586 0.125 0.239067055393586 0.07211538461538461
0 0.04664723032069971 0 0.0029154518950437317 0 0.0029154518950437317 0.04807692307692308 0.04664723032069971 0.04807692307692308 0.04664723032069971 0
0 0.8338192419825073 0.04807692307692308 0.7900874635568513 0.04807692307692308 0.7900874635568513 0.11538461538461539 0.8338192419825073 0.11538461538461539 0.8338192419825073 0.04807692307692308
0 0.8862973760932945 0.2932692307692308 0.8367346938775511 0.2932692307692308 0.8367346938775511 0.3605769230769231 0.8862973760932945 0.3605769230769231 0.8862973760932945 0.2932692307692308
0 0.8279883381924198 0.5240384615384616 0.7900874635568513 0.5240384615384616 0.7900874635568513 0.5913461538461539 0.8279883381924198 0.5913461538461539 0.8279883381924198 0.5240384615384616
0 0.40524781341107874 0.9423076923076923 0.3556851311953353 0.9423076923076923 0.3556851311953353 0.9903846153846154 0.40524781341107874 0.9903846153846154 0.40524781341107874 0.9423076923076923
0 0.04664723032069971 0.5480769230769231 0 0.5480769230769231 0 0.6153846153846154 0.04664723032069971 0.6153846153846154 0.04664723032069971 0.5480769230769231
0 0.3935860058309038 0.0673076923076923 0.3469387755102041 0.0673076923076923 0.3469387755102041 0.1346153846153846 0.3935860058309038 0.1346153846153846 0.3935860058309038 0.0673076923076923
0 0.34110787172011664 0.8125 0.3032069970845481 0.8125 0.3032069970845481 0.8798076923076923 0.34110787172011664 0.8798076923076923 0.34110787172011664 0.8125
0 0.565597667638484 0.8605769230769231 0.521865889212828 0.8605769230769231 0.521865889212828 0.9230769230769231 0.565597667638484 0.9230769230769231 0.565597667638484 0.8605769230769231
0 0.04664723032069971 0.7980769230769231 0 0.7980769230769231 0 0.875 0.04664723032069971 0.875 0.04664723032069971 0.7980769230769231
0 0.04664723032069971 0.04807692307692308 0 0.04807692307692308 0 0.11538461538461539 0.04664723032069971 0.11538461538461539 0.04664723032069971 0.04807692307692308
0 0.7784256559766763 0.44711538461538464 0.7317784256559767 0.44711538461538464 0.7317784256559767 0.5144230769230769 0.7784256559766763 0.5144230769230769 0.7784256559766763 0.44711538461538464
0 0.4518950437317784 0.38461538461538464 0.40524781341107874 0.38461538461538464 0.40524781341107874 0.46153846153846156 0.4518950437317784 0.46153846153846156 0.4518950437317784 0.38461538461538464
0 0.9941690962099126 0 0.9504373177842566 0 0.9504373177842566 0.028846153846153848 0.9941690962099126 0.028846153846153848 0.9941690962099126 0
0 0.9941690962099126 0.5288461538461539 0.956268221574344 0.5288461538461539 0.956268221574344 0.5913461538461539 0.9941690962099126 0.5913461538461539 0.9941690962099126 0.5288461538461539
0 0.13702623906705538 0.4855769230769231 0.09912536443148688 0.4855769230769231 0.09912536443148688 0.5480769230769231 0.13702623906705538 0.5480769230769231 0.13702623906705538 0.4855769230769231
0 0.9941690962099126 0.21634615384615385 0.9446064139941691 0.21634615384615385 0.9446064139941691 0.28365384615384615 0.9941690962099126 0.28365384615384615 0.9941690962099126 0.21634615384615385
0 0.09037900874635568 0.5528846153846154 0.052478134110787174 0.5528846153846154 0.052478134110787174 0.6105769230769231 0.09037900874635568 0.6105769230769231 0.09037900874635568 0.5528846153846154
0 0.9446064139941691 0.2932692307692308 0.892128279883382 0.2932692307692308 0.892128279883382 0.3557692307692308 0.9446064139941691 0.3557692307692308 0.9446064139941691 0.2932692307692308
0 0.15451895043731778 0.7019230769230769 0.09912536443148688 0.7019230769230769 0.09912536443148688 0.7740384615384616 0.15451895043731778 0.7740384615384616 0.15451895043731778 0.7019230769230769
0 0.7696793002915452 0 0.7317784256559767 0 0.7317784256559767 0.04326923076923077 0.7696793002915452 0.04326923076923077 0.7696793002915452 0
0 0.673469387755102 0.3894230769230769 0.6297376093294461 0.3894230769230769 0.6297376093294461 0.46153846153846156 0.673469387755102 0.46153846153846156 0.673469387755102 0.3894230769230769
0 0.5597667638483965 0.3894230769230769 0.5072886297376094 0.3894230769230769 0.5072886297376094 0.46634615384615385 0.5597667638483965 0.46634615384615385 0.5597667638483965 0.3894230769230769
0 0.04664723032069971 0.39903846153846156 0 0.39903846153846156 0 0.46634615384615385 0.04664723032069971 0.46634615384615385 0.04664723032069971 0.39903846153846156
0 0.9941690962099126 0.3605769230769231 0.9504373177842566 0.3605769230769231 0.9504373177842566 0.4230769230769231 0.9941690962099126 0.4230769230769231 0.9941690962099126 0.3605769230769231
0 0.09037900874635568 0.12980769230769232 0.04664723032069971 0.12980769230769232 0.04664723032069971 0.19230769230769232 0.09037900874635568 0.19230769230769232 0.09037900874635568 0.12980769230769232
0 0.9941690962099126 0.6057692307692307 0.956268221574344 0.6057692307692307 0.956268221574344 0.6682692307692307 0.9941690962099126 0.6682692307692307 0.9941690962099126 0.6057692307692307
0 0.7725947521865889 0.375 0.7317784256559767 0.375 0.7317784256559767 0.4375 0.7725947521865889 0.4375 0.7725947521865889 0.375
0 0.14285714285714285 0.21634615384615385 0.09037900874635568 0.21634615384615385 0.09037900874635568 0.2932692307692308 0.14285714285714285 0.2932692307692308 0.14285714285714285 0.21634615384615385
0 0.6180758017492711 0.38461538461538464 0.565597667638484 0.38461538461538464 0.565597667638484 0.46153846153846156 0.6180758017492711 0.46153846153846156 0.6180758017492711 0.38461538461538464
0 0.7201166180758017 0.3894230769230769 0.673469387755102 0.3894230769230769 0.673469387755102 0.46153846153846156 0.7201166180758017 0.46153846153846156 0.7201166180758017 0.3894230769230769
0 0.04664723032069971 0.3173076923076923 0 0.3173076923076923 0 0.38461538461538464 0.04664723032069971 0.38461538461538464 0.04664723032069971 0.3173076923076923
0 0.04664723032069971 0.1971153846153846 0 0.1971153846153846 0 0.27403846153846156 0.04664723032069971 0.27403846153846156 0.04664723032069971 0.1971153846153846
0 0.09037900874635568 0.20192307692307693 0.04664723032069971 0.20192307692307693 0.04664723032069971 0.27403846153846156 0.09037900874635568 0.27403846153846156 0.09037900874635568 0.20192307692307693
0 0.04664723032069971 0.125 0 0.125 0 0.19230769230769232 0.04664723032069971 0.19230769230769232 0.04664723032069971 0.125
0 0.7259475218658892 0.4807692307692308 0.6822157434402333 0.4807692307692308 0.6822157434402333 0.5336538461538461 0.7259475218658892 0.5336538461538461 0.7259475218658892 0.4807692307692308
0 0.9941690962099126 0.7644230769230769 0.9620991253644315 0.7644230769230769 0.9620991253644315 0.8221153846153846 0.9941690962099126 0.8221153846153846 0.9941690962099126 0.7644230769230769
0 0.9941690962099126 0.44711538461538464 0.956268221574344 0.44711538461538464 0.956268221574344 0.5096153846153846 0.9941690962099126 0.5096153846153846 0.9941690962099126 0.44711538461538464
0 0.9941690962099126 0.6778846153846154 0.956268221574344 0.6778846153846154 0.956268221574344 0.7403846153846154 0.9941690962099126 0.7403846153846154 0.9941690962099126 0.6778846153846154