0 0.3115942028985507 0.7582417582417582 0.2463768115942029 0.7582417582417582 0.2463768115942029 0.8351648351648352 0.3115942028985507 0.8351648351648352 0.3115942028985507 0.7582417582417582
0 0.14492753623188406 0.6043956043956044 0.08695652173913043 0.6043956043956044 0.08695652173913043 0.6483516483516484 0.14492753623188406 0.6483516483516484 0.14492753623188406 0.6043956043956044
0 0.06521739130434782 0.6703296703296703 0 0.6703296703296703 0 0.7252747252747253 0.06521739130434782 0.7252747252747253 0.06521739130434782 0.6703296703296703
0 0.5 0.6263736263736264 0.42028985507246375 0.6263736263736264 0.42028985507246375 0.7032967032967034 0.5 0.7032967032967034 0.5 0.6263736263736264
0 0.14492753623188406 0.6703296703296703 0.06521739130434782 0.6703296703296703 0.06521739130434782 0.7362637362637363 0.14492753623188406 0.7362637362637363 0.14492753623188406 0.6703296703296703
0 0.8478260869565217 0.8351648351648352 0.7898550724637681 0.8351648351648352 0.7898550724637681 0.9010989010989011 0.8478260869565217 0.9010989010989011 0.8478260869565217 0.8351648351648352
0 0.5 0.7032967032967034 0.4057971014492754 0.7032967032967034 0.4057971014492754 0.7802197802197802 0.5 0.7802197802197802 0.5 0.7032967032967034
0 0.42028985507246375 0.6153846153846154 0.34057971014492755 0.6153846153846154 0.34057971014492755 0.6923076923076923 0.42028985507246375 0.6923076923076923 0.42028985507246375 0.6153846153846154
0 0.7463768115942029 0.2857142857142857 0.6811594202898551 0.2857142857142857 0.6811594202898551 0.3626373626373626 0.7463768115942029 0.3626373626373626 0.7463768115942029 0.2857142857142857
0 0.9855072463768116 0.6373626373626373 0.9637681159420289 0.6373626373626373 0.9637681159420289 0.7032967032967034 0.9855072463768116 0.7032967032967034 0.9855072463768116 0.6373626373626373
0 0.47101449275362317 0.7802197802197802 0.4057971014492754 0.7802197802197802 0.4057971014492754 0.8351648351648352 0.47101449275362317 0.8351648351648352 0.47101449275362317 0.7802197802197802
0 0.9855072463768116 0 0.9637681159420289 0 0.9637681159420289 0.04395604395604396 0.9855072463768116 0.04395604395604396 0.9855072463768116 0
0 0.4855072463768116 0.37362637362637363 0.42028985507246375 0.37362637362637363 0.42028985507246375 0.45054945054945056 0.4855072463768116 0.45054945054945056 0.4855072463768116 0.37362637362637363
0 0.391304347826087 0.2857142857142857 0.32608695652173914 0.2857142857142857 0.32608695652173914 0.3626373626373626 0.391304347826087 0.3626373626373626 0.391304347826087 0.2857142857142857
0 0.3115942028985507 0.9340659340659341 0.2463768115942029 0.9340659340659341 0.2463768115942029 0.978021978021978 0.3115942028985507 0.978021978021978 0.3115942028985507 0.9340659340659341
0 0.2318840579710145 0.31868131868131866 0.16666666666666666 0.31868131868131866 0.16666666666666666 0.38461538461538464 0.2318840579710145 0.38461538461538464 0.2318840579710145 0.31868131868131866
0 0.4855072463768116 0.2857142857142857 0.42028985507246375 0.2857142857142857 0.42028985507246375 0.37362637362637363 0.4855072463768116 0.37362637362637363 0.4855072463768116 0.2857142857142857