0 0.06976744186046512 0.6052631578947368 0.011627906976744186 0.6052631578947368 0.011627906976744186 0.6513157894736842 0.06976744186046512 0.6513157894736842 0.06976744186046512 0.6052631578947368
0 0.040697674418604654 0.6578947368421053 0 0.6578947368421053 0 0.7236842105263158 0.040697674418604654 0.7236842105263158 0.040697674418604654 0.6578947368421053
0 0.8662790697674418 0.625 0.8081395348837209 0.625 0.8081395348837209 0.6776315789473685 0.8662790697674418 0.6776315789473685 0.8662790697674418 0.625
0 0.05232558139534884 0.9210526315789473 0 0.9210526315789473 0 0.9802631578947368 0.05232558139534884 0.9802631578947368 0.05232558139534884 0.9210526315789473
0 0.06976744186046512 0.5394736842105263 0 0.5394736842105263 0 0.5986842105263158 0.06976744186046512 0.5986842105263158 0.06976744186046512 0.5394736842105263
0 0.05813953488372093 0.46710526315789475 0.011627906976744186 0.46710526315789475 0.011627906976744186 0.5263157894736842 0.05813953488372093 0.5263157894736842 0.05813953488372093 0.46710526315789475
0 0.8662790697674418 0 0.8081395348837209 0 0.8081395348837209 0.02631578947368421 0.8662790697674418 0.02631578947368421 0.8662790697674418 0
0 0.7616279069767442 0.09210526315789473 0.7151162790697675 0.09210526315789473 0.7151162790697675 0.1513157894736842 0.7616279069767442 0.1513157894736842 0.7616279069767442 0.09210526315789473
0 0.2616279069767442 0.9276315789473685 0.20348837209302326 0.9276315789473685 0.20348837209302326 0.9868421052631579 0.2616279069767442 0.9868421052631579 0.2616279069767442 0.9276315789473685
0 0.8197674418604651 0.9276315789473685 0.7790697674418605 0.9276315789473685 0.7790697674418605 0.9868421052631579 0.8197674418604651 0.9868421052631579 0.8197674418604651 0.9276315789473685
0 0.7441860465116279 0.9210526315789473 0.686046511627907 0.9210526315789473 0.686046511627907 0.9868421052631579 0.7441860465116279 0.9868421052631579 0.7441860465116279 0.9210526315789473
0 0.8604651162790697 0.6907894736842105 0.8081395348837209 0.6907894736842105 0.8081395348837209 0.756578947368421 0.8604651162790697 0.756578947368421 0.8604651162790697 0.6907894736842105
0 0.040697674418604654 0.40131578947368424 0 0.40131578947368424 0 0.46710526315789475 0.040697674418604654 0.46710526315789475 0.040697674418604654 0.40131578947368424
0 0.8372093023255814 0.875 0.7790697674418605 0.875 0.7790697674418605 0.9210526315789473 0.8372093023255814 0.9210526315789473 0.8372093023255814 0.875
0 0.8604651162790697 0.7631578947368421 0.8081395348837209 0.7631578947368421 0.8081395348837209 0.8157894736842105 0.8604651162790697 0.8157894736842105 0.8604651162790697 0.7631578947368421
0 0.8197674418604651 0.8157894736842105 0.7790697674418605 0.8157894736842105 0.7790697674418605 0.875 0.8197674418604651 0.875 0.8197674418604651 0.8157894736842105
0 0.75 0.1513157894736842 0.7034883720930233 0.1513157894736842 0.7034883720930233 0.21710526315789475 0.75 0.21710526315789475 0.75 0.1513157894736842
0 0.9825581395348837 0.42105263157894735 0.936046511627907 0.42105263157894735 0.936046511627907 0.4868421052631579 0.9825581395348837 0.4868421052631579 0.9825581395348837 0.42105263157894735
0 0.18604651162790697 0.9210526315789473 0.11627906976744186 0.9210526315789473 0.11627906976744186 0.9868421052631579 0.18604651162790697 0.9868421052631579 0.18604651162790697 0.9210526315789473
0 0.29069767441860467 0.75 0.2441860465116279 0.75 0.2441860465116279 0.8026315789473685 0.29069767441860467 0.8026315789473685 0.29069767441860467 0.75
0 0.9651162790697675 0.9210526315789473 0.9069767441860465 0.9210526315789473 0.9069767441860465 0.9868421052631579 0.9651162790697675 0.9868421052631579 0.9651162790697675 0.9210526315789473
0 0.7441860465116279 0.625 0.686046511627907 0.625 0.686046511627907 0.6710526315789473 0.7441860465116279 0.6710526315789473 0.7441860465116279 0.625
0 0.7325581395348837 0.2236842105263158 0.686046511627907 0.2236842105263158 0.686046511627907 0.27631578947368424 0.7325581395348837 0.27631578947368424 0.7325581395348837 0.2236842105263158
0 0.06976744186046512 0.3157894736842105 0 0.3157894736842105 0 0.3815789473684211 0.06976744186046512 0.3815789473684211 0.06976744186046512 0.3157894736842105
0 0.9825581395348837 0.09210526315789473 0.9244186046511628 0.09210526315789473 0.9244186046511628 0.15789473684210525 0.9825581395348837 0.15789473684210525 0.9825581395348837 0.09210526315789473
0 0.75 0.8223684210526315 0.7034883720930233 0.8223684210526315 0.7034883720930233 0.875 0.75 0.875 0.75 0.8223684210526315
0 0.8837209302325582 0.1513157894736842 0.8372093023255814 0.1513157894736842 0.8372093023255814 0.21052631578947367 0.8837209302325582 0.21052631578947367 0.8837209302325582 0.1513157894736842
0 0.9825581395348837 0.5 0.9244186046511628 0.5 0.9244186046511628 0.5526315789473685 0.9825581395348837 0.5526315789473685 0.9825581395348837 0.5
0 0.7209302325581395 0.5526315789473685 0.686046511627907 0.5526315789473685 0.686046511627907 0.6118421052631579 0.7209302325581395 0.6118421052631579 0.7209302325581395 0.5526315789473685
0 0.9534883720930233 0.6776315789473685 0.9069767441860465 0.6776315789473685 0.9069767441860465 0.75 0.9534883720930233 0.75 0.9534883720930233 0.6776315789473685
0 0.25 0.8618421052631579 0.20348837209302326 0.8618421052631579 0.20348837209302326 0.9144736842105263 0.25 0.9144736842105263 0.25 0.8618421052631579
0 0.27906976744186046 0.5986842105263158 0.23255813953488372 0.5986842105263158 0.23255813953488372 0.6513157894736842 0.27906976744186046 0.6513157894736842 0.27906976744186046 0.5986842105263158
0 0.8662790697674418 0.21052631578947367 0.8023255813953488 0.21052631578947367 0.8023255813953488 0.2631578947368421 0.8662790697674418 0.2631578947368421 0.8662790697674418 0.21052631578947367
0 0.75 0.7631578947368421 0.7151162790697675 0.7631578947368421 0.7151162790697675 0.8026315789473685 0.75 0.8026315789473685 0.75 0.7631578947368421
0 0.06976744186046512 0.7302631578947368 0 0.7302631578947368 0 0.7960526315789473 0.06976744186046512 0.7960526315789473 0.06976744186046512 0.7302631578947368
0 0.9534883720930233 0.15789473684210525 0.9069767441860465 0.15789473684210525 0.9069767441860465 0.21710526315789475 0.9534883720930233 0.21710526315789475 0.9534883720930233 0.15789473684210525
0 0.7441860465116279 0.34868421052631576 0.7034883720930233 0.34868421052631576 0.7034883720930233 0.40131578947368424 0.7441860465116279 0.40131578947368424 0.7441860465116279 0.34868421052631576
0 0.75 0.40789473684210525 0.6918604651162791 0.40789473684210525 0.6918604651162791 0.47368421052631576 0.75 0.47368421052631576 0.75 0.40789473684210525
0 0.27906976744186046 0.40131578947368424 0.22093023255813954 0.40131578947368424 0.22093023255813954 0.46710526315789475 0.27906976744186046 0.46710526315789475 0.27906976744186046 0.40131578947368424
0 0.9534883720930233 0.6381578947368421 0.9069767441860465 0.6381578947368421 0.9069767441860465 0.6776315789473685 0.9534883720930233 0.6776315789473685 0.9534883720930233 0.6381578947368421
0 0.9651162790697675 0.35526315789473684 0.9127906976744186 0.35526315789473684 0.9127906976744186 0.40789473684210525 0.9651162790697675 0.40789473684210525 0.9651162790697675 0.35526315789473684
0 0.9825581395348837 0.02631578947368421 0.9244186046511628 0.02631578947368421 0.9244186046511628 0.09210526315789473 0.9825581395348837 0.09210526315789473 0.9825581395348837 0.02631578947368421
0 0.27906976744186046 0.8026315789473685 0.23255813953488372 0.8026315789473685 0.23255813953488372 0.8552631578947368 0.27906976744186046 0.8552631578947368 0.27906976744186046 0.8026315789473685
0 0.9651162790697675 0.8289473684210527 0.9069767441860465 0.8289473684210527 0.9069767441860465 0.881578947368421 0.9651162790697675 0.881578947368421 0.9651162790697675 0.8289473684210527
0 0.75 0.6907894736842105 0.7151162790697675 0.6907894736842105 0.7151162790697675 0.756578947368421 0.75 0.756578947368421 0.75 0.6907894736842105
0 0.8662790697674418 0.03289473684210526 0.7906976744186046 0.03289473684210526 0.7906976744186046 0.09868421052631579 0.8662790697674418 0.09868421052631579 0.8662790697674418 0.03289473684210526
0 0.7441860465116279 0.881578947368421 0.686046511627907 0.881578947368421 0.686046511627907 0.9210526315789473 0.7441860465116279 0.9210526315789473 0.7441860465116279 0.881578947368421
0 0.75 0.48026315789473684 0.6918604651162791 0.48026315789473684 0.6918604651162791 0.5526315789473685 0.75 0.5526315789473685 0.75 0.48026315789473684
0 0.06976744186046512 0.25 0 0.25 0 0.3157894736842105 0.06976744186046512 0.3157894736842105 0.06976744186046512 0.25
0 0.7790697674418605 0.9276315789473685 0.7441860465116279 0.9276315789473685 0.7441860465116279 0.9868421052631579 0.7790697674418605 0.9868421052631579 0.7790697674418605 0.9276315789473685
0 0.9651162790697675 0.756578947368421 0.8953488372093024 0.756578947368421 0.8953488372093024 0.8289473684210527 0.9651162790697675 0.8289473684210527 0.9651162790697675 0.756578947368421
0 0.9825581395348837 0.29605263157894735 0.936046511627907 0.29605263157894735 0.936046511627907 0.35526315789473684 0.9825581395348837 0.35526315789473684 0.9825581395348837 0.29605263157894735
0 0.877906976744186 0.9276315789473685 0.8313953488372093 0.9276315789473685 0.8313953488372093 0.9868421052631579 0.877906976744186 0.9868421052631579 0.877906976744186 0.9276315789473685
0 0.29069767441860467 0.46710526315789475 0.21511627906976744 0.46710526315789475 0.21511627906976744 0.5263157894736842 0.29069767441860467 0.5263157894736842 0.29069767441860467 0.46710526315789475
0 0.040697674418604654 0.8157894736842105 0 0.8157894736842105 0 0.8618421052631579 0.040697674418604654 0.8618421052631579 0.040697674418604654 0.8157894736842105
0 0.8953488372093024 0.6907894736842105 0.8662790697674418 0.6907894736842105 0.8662790697674418 0.756578947368421 0.8953488372093024 0.756578947368421 0.8953488372093024 0.6907894736842105
0 0.9069767441860465 0.625 0.8662790697674418 0.625 0.8662790697674418 0.6776315789473685 0.9069767441860465 0.6776315789473685 0.9069767441860465 0.625
0 0.7906976744186046 0.5 0.75 0.5 0.75 0.5657894736842105 0.7906976744186046 0.5657894736842105 0.7906976744186046 0.5
0 0.6453488372093024 0.6447368421052632 0.5697674418604651 0.6447368421052632 0.5697674418604651 0.7171052631578947 0.6453488372093024 0.7171052631578947 0.6453488372093024 0.6447368421052632
0 0.8662790697674418 0.46710526315789475 0.7906976744186046 0.46710526315789475 0.7906976744186046 0.5460526315789473 0.8662790697674418 0.5460526315789473 0.8662790697674418 0.46710526315789475
0 0.0872093023255814 0.40131578947368424 0.040697674418604654 0.40131578947368424 0.040697674418604654 0.46710526315789475 0.0872093023255814 0.46710526315789475 0.0872093023255814 0.40131578947368424
0 0.7906976744186046 0.1513157894736842 0.7616279069767442 0.1513157894736842 0.7616279069767442 0.21710526315789475 0.7906976744186046 0.21710526315789475 0.7906976744186046 0.1513157894736842
0 0.1569767441860465 0.5394736842105263 0.0872093023255814 0.5394736842105263 0.0872093023255814 0.6118421052631579 0.1569767441860465 0.6118421052631579 0.1569767441860465 0.5394736842105263
0 0.8023255813953488 0.2236842105263158 0.7616279069767442 0.2236842105263158 0.7616279069767442 0.27631578947368424 0.8023255813953488 0.27631578947368424 0.8023255813953488 0.2236842105263158
0 0.8197674418604651 0.2894736842105263 0.7790697674418605 0.2894736842105263 0.7790697674418605 0.35526315789473684 0.8197674418604651 0.35526315789473684 0.8197674418604651 0.2894736842105263
0 0.29069767441860467 0.6973684210526315 0.25 0.6973684210526315 0.25 0.75 0.29069767441860467 0.75 0.29069767441860467 0.6973684210526315
0 0.9534883720930233 0.5723684210526315 0.9069767441860465 0.5723684210526315 0.9069767441860465 0.6381578947368421 0.9534883720930233 0.6381578947368421 0.9534883720930233 0.5723684210526315
0 0.8372093023255814 0.40789473684210525 0.7906976744186046 0.40789473684210525 0.7906976744186046 0.46710526315789475 0.8372093023255814 0.46710526315789475 0.8372093023255814 0.40789473684210525
0 0.7151162790697675 0.6907894736842105 0.6627906976744186 0.6907894736842105 0.6627906976744186 0.756578947368421 0.7151162790697675 0.756578947368421 0.7151162790697675 0.6907894736842105
0 0.3023255813953488 0.875 0.2616279069767442 0.875 0.2616279069767442 0.9210526315789473 0.3023255813953488 0.9210526315789473 0.3023255813953488 0.875
0 0.9941860465116279 0.039473684210526314 0.9825581395348837 0.09210526315789473 0.9941860465116279 0.039473684210526314
0 0.3081395348837209 0.9276315789473685 0.2616279069767442 0.9276315789473685 0.2616279069767442 0.9868421052631579 0.3081395348837209 0.9868421052631579 0.3081395348837209 0.9276315789473685
0 0.16279069767441862 0.6052631578947368 0.11627906976744186 0.6052631578947368 0.11627906976744186 0.6644736842105263 0.16279069767441862 0.6644736842105263 0.16279069767441862 0.6052631578947368
0 0.7616279069767442 0.013157894736842105 0.7034883720930233 0.013157894736842105 0.7034883720930233 0.09210526315789473 0.7616279069767442 0.09210526315789473 0.7616279069767442 0.013157894736842105
0 0.18604651162790697 0.8618421052631579 0.11627906976744186 0.8618421052631579 0.11627906976744186 0.9144736842105263 0.18604651162790697 0.9144736842105263 0.18604651162790697 0.8618421052631579
0 0.1569767441860465 0.2631578947368421 0.11627906976744186 0.2631578947368421 0.11627906976744186 0.34210526315789475 0.1569767441860465 0.34210526315789475 0.1569767441860465 0.2631578947368421
0 0.6918604651162791 0.40131578947368424 0.6569767441860465 0.40131578947368424 0.6569767441860465 0.47368421052631576 0.6918604651162791 0.47368421052631576 0.6918604651162791 0.40131578947368424
0 0.9825581395348837 0.21710526315789475 0.9244186046511628 0.21710526315789475 0.9244186046511628 0.29605263157894735 0.9825581395348837 0.29605263157894735 0.9825581395348837 0.21710526315789475
0 0.8197674418604651 0.3618421052631579 0.7906976744186046 0.3618421052631579 0.7906976744186046 0.40789473684210525 0.8197674418604651 0.40789473684210525 0.8197674418604651 0.3618421052631579
0 0.8662790697674418 0.5657894736842105 0.8023255813953488 0.5657894736842105 0.8023255813953488 0.625 0.8662790697674418 0.625 0.8662790697674418 0.5657894736842105
0 0.7790697674418605 0.5657894736842105 0.7325581395348837 0.5657894736842105 0.7325581395348837 0.625 0.7790697674418605 0.625 0.7790697674418605 0.5657894736842105
0 0.18604651162790697 0.7960526315789473 0.11627906976744186 0.7960526315789473 0.11627906976744186 0.875 0.18604651162790697 0.875 0.18604651162790697 0.7960526315789473
0 0.9244186046511628 0 0.877906976744186 0 0.877906976744186 0.03289473684210526 0.9244186046511628 0.03289473684210526 0.9244186046511628 0
0 0.7034883720930233 0.1513157894736842 0.6627906976744186 0.1513157894736842 0.6627906976744186 0.21710526315789475 0.7034883720930233 0.21710526315789475 0.7034883720930233 0.1513157894736842
0 0.8372093023255814 0.09868421052631579 0.7906976744186046 0.09868421052631579 0.7906976744186046 0.1513157894736842 0.8372093023255814 0.1513157894736842 0.8372093023255814 0.09868421052631579
0 0.0872093023255814 0.8552631578947368 0.040697674418604654 0.8552631578947368 0.040697674418604654 0.9144736842105263 0.0872093023255814 0.9144736842105263 0.0872093023255814 0.8552631578947368
0 0.9825581395348837 0.16447368421052633 0.9534883720930233 0.16447368421052633 0.9534883720930233 0.21710526315789475 0.9825581395348837 0.21710526315789475 0.9825581395348837 0.16447368421052633