0 0.043209876543209874 0.16113744075829384 0 0.16113744075829384 0 0.22274881516587677 0.043209876543209874 0.22274881516587677 0.043209876543209874 0.16113744075829384
0 0.19135802469135801 0.5971563981042654 0.12962962962962962 0.5971563981042654 0.12962962962962962 0.6682464454976303 0.19135802469135801 0.6682464454976303 0.19135802469135801 0.5971563981042654
0 0.1111111111111111 0.4928909952606635 0.043209876543209874 0.4928909952606635 0.043209876543209874 0.5592417061611374 0.1111111111111111 0.5592417061611374 0.1111111111111111 0.4928909952606635
0 0.043209876543209874 0.3981042654028436 0 0.3981042654028436 0 0.46919431279620855 0.043209876543209874 0.46919431279620855 0.043209876543209874 0.3981042654028436
0 0.043209876543209874 0.0947867298578199 0 0.0947867298578199 0 0.15639810426540285 0.043209876543209874 0.15639810426540285 0.043209876543209874 0.0947867298578199
0 0.7530864197530864 0.9004739336492891 0.6728395061728395 0.9004739336492891 0.6728395061728395 0.976303317535545 0.7530864197530864 0.976303317535545 0.7530864197530864 0.9004739336492891
0 0.22839506172839505 0.3981042654028436 0.1419753086419753 0.3981042654028436 0.1419753086419753 0.46919431279620855 0.22839506172839505 0.46919431279620855 0.22839506172839505 0.3981042654028436
0 0.043209876543209874 0.33175355450236965 0 0.33175355450236965 0 0.3886255924170616 0.043209876543209874 0.3886255924170616 0.043209876543209874 0.33175355450236965
0 0.05555555555555555 0.018957345971563982 0 0.018957345971563982 0 0.09004739336492891 0.05555555555555555 0.09004739336492891 0.05555555555555555 0.018957345971563982
0 0.08024691358024691 0.909952606635071 0 0.909952606635071 0 0.990521327014218 0.08024691358024691 0.990521327014218 0.08024691358024691 0.909952606635071
0 0.043209876543209874 0.5023696682464455 0 0.5023696682464455 0 0.5639810426540285 0.043209876543209874 0.5639810426540285 0.043209876543209874 0.5023696682464455
0 0.05555555555555555 0.26540284360189575 0 0.26540284360189575 0 0.33175355450236965 0.05555555555555555 0.33175355450236965 0.05555555555555555 0.26540284360189575
0 0.22839506172839505 0.5165876777251185 0.1419753086419753 0.5165876777251185 0.1419753086419753 0.5829383886255924 0.22839506172839505 0.5829383886255924 0.22839506172839505 0.5165876777251185
0 0.24074074074074073 0.14691943127962084 0.1728395061728395 0.14691943127962084 0.1728395061728395 0.21800947867298578 0.24074074074074073 0.21800947867298578 0.24074074074074073 0.14691943127962084
0 0.9938271604938271 0.919431279620853 0.9567901234567902 0.919431279620853 0.9567901234567902 0.985781990521327 0.9938271604938271 0.985781990521327 0.9938271604938271 0.919431279620853
0 0.6296296296296297 0 0.5802469135802469 0 0.5802469135802469 0.03317535545023697 0.6296296296296297 0.03317535545023697 0.6296296296296297 0