0 0.4235294117647059 0.19148936170212766 0.34705882352941175 0.19148936170212766 0.34705882352941175 0.2553191489361702 0.4235294117647059 0.2553191489361702 0.4235294117647059 0.19148936170212766
0 0.07058823529411765 0.09929078014184398 0.023529411764705882 0.09929078014184398 0.023529411764705882 0.15602836879432624 0.07058823529411765 0.15602836879432624 0.07058823529411765 0.09929078014184398
0 0.2 0.02127659574468085 0.12941176470588237 0.02127659574468085 0.12941176470588237 0.09219858156028368 0.2 0.09219858156028368 0.2 0.02127659574468085
0 0.08823529411764706 0.9290780141843972 0.023529411764705882 0.9290780141843972 0.023529411764705882 0.9929078014184397 0.08823529411764706 0.9929078014184397 0.08823529411764706 0.9290780141843972
0 0.07647058823529412 0.2553191489361702 0.023529411764705882 0.2553191489361702 0.023529411764705882 0.2978723404255319 0.07647058823529412 0.2978723404255319 0.07647058823529412 0.2553191489361702
0 0.34705882352941175 0.09929078014184398 0.3 0.09929078014184398 0.3 0.16312056737588654 0.34705882352941175 0.16312056737588654 0.34705882352941175 0.09929078014184398
0 0.18823529411764706 0.09929078014184398 0.12941176470588237 0.09929078014184398 0.12941176470588237 0.16312056737588654 0.18823529411764706 0.16312056737588654 0.18823529411764706 0.09929078014184398
0 0.48823529411764705 0.19148936170212766 0.4176470588235294 0.19148936170212766 0.4176470588235294 0.2553191489361702 0.48823529411764705 0.2553191489361702 0.48823529411764705 0.19148936170212766
0 0.09411764705882353 0.6453900709219859 0.029411764705882353 0.6453900709219859 0.029411764705882353 0.7021276595744681 0.09411764705882353 0.7021276595744681 0.09411764705882353 0.6453900709219859
0 0.5058823529411764 0.6737588652482269 0.4647058823529412 0.6737588652482269 0.4647058823529412 0.7304964539007093 0.5058823529411764 0.7304964539007093 0.5058823529411764 0.6737588652482269
0 0.7235294117647059 0.09219858156028368 0.6705882352941176 0.09219858156028368 0.6705882352941176 0.15602836879432624 0.7235294117647059 0.15602836879432624 0.7235294117647059 0.09219858156028368
0 0.18823529411764706 0.9432624113475178 0.12352941176470589 0.9432624113475178 0.12352941176470589 0.9929078014184397 0.18823529411764706 0.9929078014184397 0.18823529411764706 0.9432624113475178
0 0.3 0.11347517730496454 0.24705882352941178 0.11347517730496454 0.24705882352941178 0.16312056737588654 0.3 0.16312056737588654 0.3 0.11347517730496454
0 0.47058823529411764 0.11347517730496454 0.4176470588235294 0.11347517730496454 0.4176470588235294 0.1702127659574468 0.47058823529411764 0.1702127659574468 0.47058823529411764 0.11347517730496454
0 0.4 0.6808510638297872 0.34705882352941175 0.6808510638297872 0.34705882352941175 0.7375886524822695 0.4 0.7375886524822695 0.4 0.6808510638297872
0 0.6705882352941176 0.09219858156028368 0.6058823529411764 0.09219858156028368 0.6058823529411764 0.1702127659574468 0.6705882352941176 0.1702127659574468 0.6705882352941176 0.09219858156028368
0 0.6470588235294118 0.3404255319148936 0.5529411764705883 0.3404255319148936 0.5529411764705883 0.41843971631205673 0.6470588235294118 0.41843971631205673 0.6470588235294118 0.3404255319148936
0 0.4176470588235294 0.11347517730496454 0.34705882352941175 0.11347517730496454 0.34705882352941175 0.1702127659574468 0.4176470588235294 0.1702127659574468 0.4176470588235294 0.11347517730496454
0 0.40588235294117647 0.2553191489361702 0.34705882352941175 0.2553191489361702 0.34705882352941175 0.3120567375886525 0.40588235294117647 0.3120567375886525 0.40588235294117647 0.2553191489361702
0 0.6176470588235294 0.09219858156028368 0.5470588235294118 0.09219858156028368 0.5470588235294118 0.1702127659574468 0.6176470588235294 0.1702127659574468 0.6176470588235294 0.09219858156028368
0 0.4176470588235294 0.04964539007092199 0.34705882352941175 0.04964539007092199 0.34705882352941175 0.11347517730496454 0.4176470588235294 0.11347517730496454 0.4176470588235294 0.04964539007092199
0 0.6235294117647059 0.41843971631205673 0.5705882352941176 0.41843971631205673 0.5705882352941176 0.48226950354609927 0.6235294117647059 0.48226950354609927 0.6235294117647059 0.41843971631205673
0 0.7470588235294118 0.1702127659574468 0.6705882352941176 0.1702127659574468 0.6705882352941176 0.2553191489361702 0.7470588235294118 0.2553191489361702 0.7470588235294118 0.1702127659574468
0 0.27058823529411763 0.03546099290780142 0.19411764705882353 0.03546099290780142 0.19411764705882353 0.11347517730496454 0.27058823529411763 0.11347517730496454 0.27058823529411763 0.03546099290780142
0 0.1 0.7730496453900709 0.052941176470588235 0.7730496453900709 0.052941176470588235 0.8368794326241135 0.1 0.8368794326241135 0.1 0.7730496453900709
0 0.7647058823529411 0.6099290780141844 0.6529411764705882 0.6099290780141844 0.6529411764705882 0.6950354609929078 0.7647058823529411 0.6950354609929078 0.7647058823529411 0.6099290780141844
0 0.9470588235294117 0.7092198581560284 0.8941176470588236 0.7092198581560284 0.8941176470588236 0.7730496453900709 0.9470588235294117 0.7730496453900709 0.9470588235294117 0.7092198581560284
0 0.6470588235294118 0.19148936170212766 0.5647058823529412 0.19148936170212766 0.5647058823529412 0.2553191489361702 0.6470588235294118 0.2553191489361702 0.6470588235294118 0.19148936170212766
0 0.5294117647058824 0.3900709219858156 0.47058823529411764 0.3900709219858156 0.47058823529411764 0.45390070921985815 0.5294117647058824 0.45390070921985815 0.5294117647058824 0.3900709219858156
0 0.7294117647058823 0.425531914893617 0.6764705882352942 0.425531914893617 0.6764705882352942 0.48226950354609927 0.7294117647058823 0.48226950354609927 0.7294117647058823 0.425531914893617
0 0.7470588235294118 0.6950354609929078 0.6882352941176471 0.6950354609929078 0.6882352941176471 0.7588652482269503 0.7470588235294118 0.7588652482269503 0.7470588235294118 0.6950354609929078
0 0.1 0.8581560283687943 0.023529411764705882 0.8581560283687943 0.023529411764705882 0.9290780141843972 0.1 0.9290780141843972 0.1 0.8581560283687943
0 0.4 0 0.32941176470588235 0 0.32941176470588235 0.04964539007092199 0.4 0.04964539007092199 0.4 0
0 0.9882352941176471 0.8368794326241135 0.9176470588235294 0.8368794326241135 0.9176470588235294 0.900709219858156 0.9882352941176471 0.900709219858156 0.9882352941176471 0.8368794326241135
0 0.047058823529411764 0.7801418439716312 0.0058823529411764705 0.7801418439716312 0.0058823529411764705 0.8368794326241135 0.047058823529411764 0.8368794326241135 0.047058823529411764 0.7801418439716312
0 0.6235294117647059 0.2553191489361702 0.5705882352941176 0.2553191489361702 0.5705882352941176 0.3262411347517731 0.6235294117647059 0.3262411347517731 0.6235294117647059 0.2553191489361702
0 0.4764705882352941 0.5460992907801419 0.4294117647058823 0.5460992907801419 0.4294117647058823 0.6099290780141844 0.4764705882352941 0.6099290780141844 0.4764705882352941 0.5460992907801419
0 0.38823529411764707 0.9645390070921985 0.32941176470588235 0.9645390070921985 0.32941176470588235 0.9929078014184397 0.38823529411764707 0.9929078014184397 0.38823529411764707 0.9645390070921985
0 0.21764705882352942 0.8652482269503546 0.12941176470588237 0.8652482269503546 0.12941176470588237 0.9361702127659575 0.21764705882352942 0.9361702127659575 0.21764705882352942 0.8652482269503546
0 0.5470588235294118 0.6028368794326241 0.4764705882352941 0.6028368794326241 0.4764705882352941 0.6737588652482269 0.5470588235294118 0.6737588652482269 0.5470588235294118 0.6028368794326241
0 0.7764705882352941 0.2765957446808511 0.7235294117647059 0.2765957446808511 0.7235294117647059 0.3475177304964539 0.7764705882352941 0.3475177304964539 0.7764705882352941 0.2765957446808511
0 0.6529411764705882 0.6028368794326241 0.5529411764705883 0.6028368794326241 0.5529411764705883 0.6737588652482269 0.6529411764705882 0.6737588652482269 0.6529411764705882 0.6028368794326241