0 0.2753623188405797 0.7898550724637681 0.21739130434782608 0.7898550724637681 0.21739130434782608 0.8478260869565217 0.2753623188405797 0.8478260869565217 0.2753623188405797 0.7898550724637681
0 0.7198067632850241 0.6811594202898551 0.6521739130434783 0.6811594202898551 0.6521739130434783 0.7246376811594203 0.7198067632850241 0.7246376811594203 0.7198067632850241 0.6811594202898551
0 0.06763285024154589 0.08695652173913043 0 0.08695652173913043 0 0.14492753623188406 0.06763285024154589 0.14492753623188406 0.06763285024154589 0.08695652173913043
0 0.9951690821256038 0.572463768115942 0.9371980676328503 0.572463768115942 0.9371980676328503 0.6304347826086957 0.9951690821256038 0.6304347826086957 0.9951690821256038 0.572463768115942
0 0.4251207729468599 0 0.3719806763285024 0 0.3719806763285024 0.06521739130434782 0.4251207729468599 0.06521739130434782 0.4251207729468599 0
0 0.5217391304347826 0.927536231884058 0.463768115942029 0.927536231884058 0.463768115942029 0.9855072463768116 0.5217391304347826 0.9855072463768116 0.5217391304347826 0.927536231884058
0 0.5217391304347826 0.6666666666666666 0.47342995169082125 0.6666666666666666 0.47342995169082125 0.7246376811594203 0.5217391304347826 0.7246376811594203 0.5217391304347826 0.6666666666666666
0 0.7198067632850241 0.8405797101449275 0.6618357487922706 0.8405797101449275 0.6618357487922706 0.9057971014492754 0.7198067632850241 0.9057971014492754 0.7198067632850241 0.8405797101449275
0 0.6714975845410628 0.2608695652173913 0.6280193236714976 0.2608695652173913 0.6280193236714976 0.32608695652173914 0.6714975845410628 0.32608695652173914 0.6714975845410628 0.2608695652173913
0 0.28019323671497587 0.10869565217391304 0.21256038647342995 0.10869565217391304 0.21256038647342995 0.18115942028985507 0.28019323671497587 0.18115942028985507 0.28019323671497587 0.10869565217391304
0 0.7342995169082126 0.2608695652173913 0.6763285024154589 0.2608695652173913 0.6763285024154589 0.32608695652173914 0.7342995169082126 0.32608695652173914 0.7342995169082126 0.2608695652173913
0 0.43478260869565216 0.32608695652173914 0.3719806763285024 0.32608695652173914 0.3719806763285024 0.38405797101449274 0.43478260869565216 0.38405797101449274 0.43478260869565216 0.32608695652173914
0 0.04830917874396135 0.2826086956521739 0.004830917874396135 0.2826086956521739 0.004830917874396135 0.34782608695652173 0.04830917874396135 0.34782608695652173 0.04830917874396135 0.2826086956521739
0 0.21256038647342995 0.7898550724637681 0.15942028985507245 0.7898550724637681 0.15942028985507245 0.8695652173913043 0.21256038647342995 0.8695652173913043 0.21256038647342995 0.7898550724637681
0 0.4492753623188406 0.8043478260869565 0.3864734299516908 0.8043478260869565 0.3864734299516908 0.8695652173913043 0.4492753623188406 0.8695652173913043 0.4492753623188406 0.8043478260869565
0 0.642512077294686 0.38405797101449274 0.5748792270531401 0.38405797101449274 0.5748792270531401 0.463768115942029 0.642512077294686 0.463768115942029 0.642512077294686 0.38405797101449274
0 0.9227053140096618 0.2826086956521739 0.8454106280193237 0.2826086956521739 0.8454106280193237 0.34057971014492755 0.9227053140096618 0.34057971014492755 0.9227053140096618 0.2826086956521739
0 0.4492753623188406 0.7246376811594203 0.3671497584541063 0.7246376811594203 0.3671497584541063 0.7898550724637681 0.4492753623188406 0.7898550724637681 0.4492753623188406 0.7246376811594203
0 0.6231884057971014 0.5507246376811594 0.5748792270531401 0.5507246376811594 0.5748792270531401 0.6086956521739131 0.6231884057971014 0.6086956521739131 0.6231884057971014 0.5507246376811594
0 0.9951690821256038 0.8478260869565217 0.9468599033816425 0.8478260869565217 0.9468599033816425 0.9057971014492754 0.9951690821256038 0.9057971014492754 0.9951690821256038 0.8478260869565217
0 0.642512077294686 0 0.5700483091787439 0 0.5700483091787439 0.050724637681159424 0.642512077294686 0.050724637681159424 0.642512077294686 0
0 0.7681159420289855 0.8478260869565217 0.7198067632850241 0.8478260869565217 0.7198067632850241 0.9202898550724637 0.7681159420289855 0.9202898550724637 0.7681159420289855 0.8478260869565217
0 0.6280193236714976 0.32608695652173914 0.5748792270531401 0.32608695652173914 0.5748792270531401 0.38405797101449274 0.6280193236714976 0.38405797101449274 0.6280193236714976 0.32608695652173914
0 0.5217391304347826 0.32608695652173914 0.45893719806763283 0.32608695652173914 0.45893719806763283 0.38405797101449274 0.5217391304347826 0.38405797101449274 0.5217391304347826 0.32608695652173914
0 0.463768115942029 0.13043478260869565 0.3864734299516908 0.13043478260869565 0.3864734299516908 0.2028985507246377 0.463768115942029 0.2028985507246377 0.463768115942029 0.13043478260869565
0 0.8260869565217391 0.5434782608695652 0.7439613526570048 0.5434782608695652 0.7439613526570048 0.6086956521739131 0.8260869565217391 0.6086956521739131 0.8260869565217391 0.5434782608695652
0 0.6231884057971014 0.8260869565217391 0.5700483091787439 0.8260869565217391 0.5700483091787439 0.8840579710144928 0.6231884057971014 0.8840579710144928 0.6231884057971014 0.8260869565217391
0 0.5700483091787439 0.5507246376811594 0.5314009661835749 0.5507246376811594 0.5314009661835749 0.6086956521739131 0.5700483091787439 0.6086956521739131 0.5700483091787439 0.5507246376811594
0 0.9951690821256038 0.007246376811594203 0.9468599033816425 0.007246376811594203 0.9468599033816425 0.07246376811594203 0.9951690821256038 0.07246376811594203 0.9951690821256038 0.007246376811594203
0 0.8695652173913043 0.007246376811594203 0.8260869565217391 0.007246376811594203 0.8260869565217391 0.06521739130434782 0.8695652173913043 0.06521739130434782 0.8695652173913043 0.007246376811594203
0 0.6280193236714976 0.927536231884058 0.5700483091787439 0.927536231884058 0.5700483091787439 0.9855072463768116 0.6280193236714976 0.9855072463768116 0.6280193236714976 0.927536231884058
0 0.9468599033816425 0.007246376811594203 0.8695652173913043 0.007246376811594203 0.8695652173913043 0.07246376811594203 0.9468599033816425 0.07246376811594203 0.9468599033816425 0.007246376811594203
0 0.9420289855072463 0.08695652173913043 0.8599033816425121 0.08695652173913043 0.8599033816425121 0.16666666666666666 0.9420289855072463 0.16666666666666666 0.9420289855072463 0.08695652173913043
0 0.5217391304347826 0.8260869565217391 0.47342995169082125 0.8260869565217391 0.47342995169082125 0.8840579710144928 0.5217391304347826 0.8840579710144928 0.5217391304347826 0.8260869565217391
0 0.5265700483091788 0.391304347826087 0.47342995169082125 0.391304347826087 0.47342995169082125 0.4492753623188406 0.5265700483091788 0.4492753623188406 0.5265700483091788 0.391304347826087
0 0.5217391304347826 0.2463768115942029 0.463768115942029 0.2463768115942029 0.463768115942029 0.32608695652173914 0.5217391304347826 0.32608695652173914 0.5217391304347826 0.2463768115942029
0 0.2028985507246377 0.08695652173913043 0.1111111111111111 0.08695652173913043 0.1111111111111111 0.16666666666666666 0.2028985507246377 0.16666666666666666 0.2028985507246377 0.08695652173913043
0 0.8695652173913043 0.10144927536231885 0.8164251207729468 0.10144927536231885 0.8164251207729468 0.16666666666666666 0.8695652173913043 0.16666666666666666 0.8695652173913043 0.10144927536231885
0 0.07246376811594203 0.021739130434782608 0 0.021739130434782608 0 0.08695652173913043 0.07246376811594203 0.08695652173913043 0.07246376811594203 0.021739130434782608
0 0.3526570048309179 0.8043478260869565 0.2898550724637681 0.8043478260869565 0.2898550724637681 0.8695652173913043 0.3526570048309179 0.8695652173913043 0.3526570048309179 0.8043478260869565
0 0.15942028985507245 0.9492753623188406 0.0966183574879227 0.9492753623188406 0.0966183574879227 0.9855072463768116 0.15942028985507245 0.9855072463768116 0.15942028985507245 0.9492753623188406
0 0.27053140096618356 0.18840579710144928 0.2028985507246377 0.18840579710144928 0.2028985507246377 0.26811594202898553 0.27053140096618356 0.26811594202898553 0.27053140096618356 0.18840579710144928
0 0.04830917874396135 0.5072463768115942 0 0.5072463768115942 0 0.5652173913043478 0.04830917874396135 0.5652173913043478 0.04830917874396135 0.5072463768115942
0 0.1642512077294686 0.644927536231884 0.09178743961352658 0.644927536231884 0.09178743961352658 0.7028985507246377 0.1642512077294686 0.7028985507246377 0.1642512077294686 0.644927536231884
0 0.5458937198067633 0.12318840579710146 0.46859903381642515 0.12318840579710146 0.46859903381642515 0.2028985507246377 0.5458937198067633 0.2028985507246377 0.5458937198067633 0.12318840579710146
0 0.7246376811594203 0.7463768115942029 0.6376811594202898 0.7463768115942029 0.6376811594202898 0.8115942028985508 0.7246376811594203 0.8115942028985508 0.7246376811594203 0.7463768115942029
0 0.7004830917874396 0.927536231884058 0.6280193236714976 0.927536231884058 0.6280193236714976 0.9855072463768116 0.7004830917874396 0.9855072463768116 0.7004830917874396 0.927536231884058
0 0.15942028985507245 0.7898550724637681 0.09178743961352658 0.7898550724637681 0.09178743961352658 0.8478260869565217 0.15942028985507245 0.8478260869565217 0.15942028985507245 0.7898550724637681
0 0.7246376811594203 0.32608695652173914 0.6763285024154589 0.32608695652173914 0.6763285024154589 0.38405797101449274 0.7246376811594203 0.38405797101449274 0.7246376811594203 0.32608695652173914
0 0.3526570048309179 0.10869565217391304 0.2898550724637681 0.10869565217391304 0.2898550724637681 0.18840579710144928 0.3526570048309179 0.18840579710144928 0.3526570048309179 0.10869565217391304
0 0.7294685990338164 0.4855072463768116 0.6666666666666666 0.4855072463768116 0.6666666666666666 0.5652173913043478 0.7294685990338164 0.5652173913043478 0.7294685990338164 0.4855072463768116
0 0.6280193236714976 0.26811594202898553 0.5748792270531401 0.26811594202898553 0.5748792270531401 0.34057971014492755 0.6280193236714976 0.34057971014492755 0.6280193236714976 0.26811594202898553
0 0.17391304347826086 0.34782608695652173 0.11594202898550725 0.34782608695652173 0.11594202898550725 0.4057971014492754 0.17391304347826086 0.4057971014492754 0.17391304347826086 0.34782608695652173
0 0.07246376811594203 0.644927536231884 0 0.644927536231884 0 0.7246376811594203 0.07246376811594203 0.7246376811594203 0.07246376811594203 0.644927536231884
0 0.7198067632850241 0 0.6473429951690821 0 0.6473429951690821 0.028985507246376812 0.7198067632850241 0.028985507246376812 0.7198067632850241 0
0 0.3671497584541063 0.32608695652173914 0.2946859903381642 0.32608695652173914 0.2946859903381642 0.38405797101449274 0.3671497584541063 0.38405797101449274 0.3671497584541063 0.32608695652173914
0 0.6328502415458938 0.6811594202898551 0.5700483091787439 0.6811594202898551 0.5700483091787439 0.7463768115942029 0.6328502415458938 0.7463768115942029 0.6328502415458938 0.6811594202898551
0 0.04830917874396135 0.572463768115942 0 0.572463768115942 0 0.644927536231884 0.04830917874396135 0.644927536231884 0.04830917874396135 0.572463768115942
0 0.45410628019323673 0.2463768115942029 0.3719806763285024 0.2463768115942029 0.3719806763285024 0.32608695652173914 0.45410628019323673 0.32608695652173914 0.45410628019323673 0.2463768115942029
0 0.4492753623188406 0.2028985507246377 0.3671497584541063 0.2028985507246377 0.3671497584541063 0.2463768115942029 0.4492753623188406 0.2463768115942029 0.4492753623188406 0.2028985507246377
0 0.3671497584541063 0.38405797101449274 0.2995169082125604 0.38405797101449274 0.2995169082125604 0.4492753623188406 0.3671497584541063 0.4492753623188406 0.3671497584541063 0.38405797101449274
0 0.42995169082125606 0.6811594202898551 0.37681159420289856 0.6811594202898551 0.37681159420289856 0.7246376811594203 0.42995169082125606 0.7246376811594203 0.42995169082125606 0.6811594202898551
0 0.21256038647342995 0.9492753623188406 0.1642512077294686 0.9492753623188406 0.1642512077294686 0.9855072463768116 0.21256038647342995 0.9855072463768116 0.21256038647342995 0.9492753623188406
0 0.7198067632850241 0.18840579710144928 0.6473429951690821 0.18840579710144928 0.6473429951690821 0.2463768115942029 0.7198067632850241 0.2463768115942029 0.7198067632850241 0.18840579710144928
0 0.821256038647343 0.7681159420289855 0.7391304347826086 0.7681159420289855 0.7391304347826086 0.8478260869565217 0.821256038647343 0.8478260869565217 0.821256038647343 0.7681159420289855
0 0.7294685990338164 0.6086956521739131 0.6376811594202898 0.6086956521739131 0.6376811594202898 0.6811594202898551 0.7294685990338164 0.6811594202898551 0.7294685990338164 0.6086956521739131
0 0.7391304347826086 0.021739130434782608 0.6666666666666666 0.021739130434782608 0.6666666666666666 0.08695652173913043 0.7391304347826086 0.08695652173913043 0.7391304347826086 0.021739130434782608
0 0.6328502415458938 0.7463768115942029 0.5652173913043478 0.7463768115942029 0.5652173913043478 0.8260869565217391 0.6328502415458938 0.8260869565217391 0.6328502415458938 0.7463768115942029
0 0.8260869565217391 0.2028985507246377 0.7536231884057971 0.2028985507246377 0.7536231884057971 0.26811594202898553 0.8260869565217391 0.26811594202898553 0.8260869565217391 0.2028985507246377
0 0.9033816425120773 0.18840579710144928 0.8260869565217391 0.18840579710144928 0.8260869565217391 0.26811594202898553 0.9033816425120773 0.26811594202898553 0.9033816425120773 0.18840579710144928
0 0.5265700483091788 0.6014492753623188 0.47342995169082125 0.6014492753623188 0.47342995169082125 0.6666666666666666 0.5265700483091788 0.6666666666666666 0.5265700483091788 0.6014492753623188
0 0.45410628019323673 0.8840579710144928 0.40096618357487923 0.8840579710144928 0.40096618357487923 0.9637681159420289 0.45410628019323673 0.9637681159420289 0.45410628019323673 0.8840579710144928
0 0.07246376811594203 0.21014492753623187 0.014492753623188406 0.21014492753623187 0.014492753623188406 0.2826086956521739 0.07246376811594203 0.2826086956521739 0.07246376811594203 0.21014492753623187
0 0.4396135265700483 0.050724637681159424 0.3671497584541063 0.050724637681159424 0.3671497584541063 0.12318840579710146 0.4396135265700483 0.12318840579710146 0.4396135265700483 0.050724637681159424
0 0.7729468599033816 0.427536231884058 0.7294685990338164 0.427536231884058 0.7294685990338164 0.5 0.7729468599033816 0.5 0.7729468599033816 0.427536231884058
0 0.7922705314009661 0.9492753623188406 0.7342995169082126 0.9492753623188406 0.7342995169082126 0.9855072463768116 0.7922705314009661 0.9855072463768116 0.7922705314009661 0.9492753623188406
0 0.3671497584541063 0.5434782608695652 0.3140096618357488 0.5434782608695652 0.3140096618357488 0.6086956521739131 0.3671497584541063 0.6086956521739131 0.3671497584541063 0.5434782608695652
0 0.21739130434782608 0.26811594202898553 0.17391304347826086 0.26811594202898553 0.17391304347826086 0.34057971014492755 0.21739130434782608 0.34057971014492755 0.21739130434782608 0.26811594202898553
0 0.7198067632850241 0.5652173913043478 0.6618357487922706 0.5652173913043478 0.6618357487922706 0.6086956521739131 0.7198067632850241 0.6086956521739131 0.7198067632850241 0.5652173913043478
0 0.9951690821256038 0.10144927536231885 0.9468599033816425 0.10144927536231885 0.9468599033816425 0.16666666666666666 0.9951690821256038 0.16666666666666666 0.9951690821256038 0.10144927536231885
0 0.6280193236714976 0.4855072463768116 0.5362318840579711 0.4855072463768116 0.5362318840579711 0.5507246376811594 0.6280193236714976 0.5507246376811594 0.6280193236714976 0.4855072463768116
0 0.9951690821256038 0.7246376811594203 0.927536231884058 0.7246376811594203 0.927536231884058 0.7898550724637681 0.9951690821256038 0.7898550724637681 0.9951690821256038 0.7246376811594203
0 0.9951690821256038 0.9202898550724637 0.9323671497584541 0.9202898550724637 0.9323671497584541 0.9855072463768116 0.9951690821256038 0.9855072463768116 0.9951690821256038 0.9202898550724637
0 0.3719806763285024 0.043478260869565216 0.28019323671497587 0.043478260869565216 0.28019323671497587 0.12318840579710146 0.3719806763285024 0.12318840579710146 0.3719806763285024 0.043478260869565216
0 0.748792270531401 0.12318840579710146 0.6666666666666666 0.12318840579710146 0.6666666666666666 0.2028985507246377 0.748792270531401 0.2028985507246377 0.748792270531401 0.12318840579710146
0 0.26570048309178745 0.2826086956521739 0.2222222222222222 0.2826086956521739 0.2222222222222222 0.34057971014492755 0.26570048309178745 0.34057971014492755 0.26570048309178745 0.2826086956521739
0 0.20772946859903382 0.8840579710144928 0.15942028985507245 0.8840579710144928 0.15942028985507245 0.9492753623188406 0.20772946859903382 0.9492753623188406 0.20772946859903382 0.8840579710144928
0 0.3671497584541063 0.6666666666666666 0.2946859903381642 0.6666666666666666 0.2946859903381642 0.7246376811594203 0.3671497584541063 0.7246376811594203 0.3671497584541063 0.6666666666666666
0 0.8309178743961353 0.2898550724637681 0.7632850241545893 0.2898550724637681 0.7632850241545893 0.36231884057971014 0.8309178743961353 0.36231884057971014 0.8309178743961353 0.2898550724637681
0 0.8985507246376812 0.8115942028985508 0.8164251207729468 0.8115942028985508 0.8164251207729468 0.8913043478260869 0.8985507246376812 0.8913043478260869 0.8985507246376812 0.8115942028985508
0 0.06763285024154589 0.14492753623188406 0 0.14492753623188406 0 0.21014492753623187 0.06763285024154589 0.21014492753623187 0.06763285024154589 0.14492753623188406
0 0.45893719806763283 0.391304347826087 0.3864734299516908 0.391304347826087 0.3864734299516908 0.463768115942029 0.45893719806763283 0.463768115942029 0.45893719806763283 0.391304347826087
0 0.8260869565217391 0.463768115942029 0.7729468599033816 0.463768115942029 0.7729468599033816 0.5434782608695652 0.8260869565217391 0.5434782608695652 0.8260869565217391 0.463768115942029
0 0.9951690821256038 0.427536231884058 0.927536231884058 0.427536231884058 0.927536231884058 0.5 0.9951690821256038 0.5 0.9951690821256038 0.427536231884058
0 0.14009661835748793 0.15217391304347827 0.08695652173913043 0.15217391304347827 0.08695652173913043 0.2246376811594203 0.14009661835748793 0.2246376811594203 0.14009661835748793 0.15217391304347827