0 0.12258064516129032 0.6176470588235294 0.07096774193548387 0.6176470588235294 0.07096774193548387 0.6764705882352942 0.12258064516129032 0.6764705882352942 0.12258064516129032 0.6176470588235294
0 0.36129032258064514 0.6274509803921569 0.3096774193548387 0.6274509803921569 0.3096774193548387 0.696078431372549 0.36129032258064514 0.696078431372549 0.36129032258064514 0.6274509803921569
0 0.12258064516129032 0.8725490196078431 0.07741935483870968 0.8725490196078431 0.07741935483870968 0.9411764705882353 0.12258064516129032 0.9411764705882353 0.12258064516129032 0.8725490196078431
0 0.4838709677419355 0.6176470588235294 0.43870967741935485 0.6176470588235294 0.43870967741935485 0.696078431372549 0.4838709677419355 0.696078431372549 0.4838709677419355 0.6176470588235294
0 0.9806451612903225 0.7450980392156863 0.9225806451612903 0.7450980392156863 0.9225806451612903 0.8137254901960784 0.9806451612903225 0.8137254901960784 0.9806451612903225 0.7450980392156863
0 0.14193548387096774 0.7647058823529411 0.07741935483870968 0.7647058823529411 0.07741935483870968 0.8431372549019608 0.14193548387096774 0.8431372549019608 0.14193548387096774 0.7647058823529411
0 0.36129032258064514 0.4215686274509804 0.3161290322580645 0.4215686274509804 0.3161290322580645 0.49019607843137253 0.36129032258064514 0.49019607843137253 0.36129032258064514 0.4215686274509804
0 0.11612903225806452 0.5490196078431373 0.07741935483870968 0.5490196078431373 0.07741935483870968 0.5980392156862745 0.11612903225806452 0.5980392156862745 0.11612903225806452 0.5490196078431373
0 0.23870967741935484 0.6274509803921569 0.1935483870967742 0.6274509803921569 0.1935483870967742 0.7156862745098039 0.23870967741935484 0.7156862745098039 0.23870967741935484 0.6274509803921569
0 0.6387096774193548 0.7647058823529411 0.5612903225806452 0.7647058823529411 0.5612903225806452 0.8431372549019608 0.6387096774193548 0.8431372549019608 0.6387096774193548 0.7647058823529411
0 0.07741935483870968 0.6176470588235294 0.0064516129032258064 0.6176470588235294 0.0064516129032258064 0.696078431372549 0.07741935483870968 0.696078431372549 0.07741935483870968 0.6176470588235294
0 0.06451612903225806 0.7745098039215687 0 0.7745098039215687 0 0.8431372549019608 0.06451612903225806 0.8431372549019608 0.06451612903225806 0.7745098039215687
0 0.9935483870967742 0.37254901960784315 0.9612903225806452 0.37254901960784315 0.9612903225806452 0.4215686274509804 0.9935483870967742 0.4215686274509804 0.9935483870967742 0.37254901960784315
0 0.9935483870967742 0 0.9161290322580645 0 0.9161290322580645 0.06862745098039216 0.9935483870967742 0.06862745098039216 0.9935483870967742 0
0 0.16774193548387098 0.9411764705882353 0.09032258064516129 0.9411764705882353 0.09032258064516129 0.9901960784313726 0.16774193548387098 0.9901960784313726 0.16774193548387098 0.9411764705882353
0 0.8387096774193549 0.7156862745098039 0.7806451612903226 0.7156862745098039 0.7806451612903226 0.7941176470588235 0.8387096774193549 0.7941176470588235 0.8387096774193549 0.7156862745098039
0 0.3096774193548387 0.4215686274509804 0.23870967741935484 0.4215686274509804 0.23870967741935484 0.47058823529411764 0.3096774193548387 0.47058823529411764 0.3096774193548387 0.4215686274509804
0 0.6258064516129033 0.6666666666666666 0.567741935483871 0.6666666666666666 0.567741935483871 0.7450980392156863 0.6258064516129033 0.7450980392156863 0.6258064516129033 0.6666666666666666
0 0.5935483870967742 0.5980392156862745 0.5290322580645161 0.5980392156862745 0.5290322580645161 0.6764705882352942 0.5935483870967742 0.6764705882352942 0.5935483870967742 0.5980392156862745
0 0.36129032258064514 0.696078431372549 0.3032258064516129 0.696078431372549 0.3032258064516129 0.7745098039215687 0.36129032258064514 0.7745098039215687 0.36129032258064514 0.696078431372549
0 0.9935483870967742 0.19607843137254902 0.9548387096774194 0.19607843137254902 0.9548387096774194 0.2647058823529412 0.9935483870967742 0.2647058823529412 0.9935483870967742 0.19607843137254902
0 0.7870967741935484 0.6666666666666666 0.7161290322580646 0.6666666666666666 0.7161290322580646 0.7450980392156863 0.7870967741935484 0.7450980392156863 0.7870967741935484 0.6666666666666666
0 0.967741935483871 0.3627450980392157 0.8838709677419355 0.3627450980392157 0.8838709677419355 0.4411764705882353 0.967741935483871 0.4411764705882353 0.967741935483871 0.3627450980392157
0 0.25161290322580643 0.7647058823529411 0.1870967741935484 0.7647058823529411 0.1870967741935484 0.8431372549019608 0.25161290322580643 0.8431372549019608 0.25161290322580643 0.7647058823529411
0 0.864516129032258 0 0.7935483870967742 0 0.7935483870967742 0.049019607843137254 0.864516129032258 0.049019607843137254 0.864516129032258 0
0 0.967741935483871 0.5686274509803921 0.8838709677419355 0.5686274509803921 0.8838709677419355 0.6470588235294118 0.967741935483871 0.6470588235294118 0.967741935483871 0.5686274509803921