0 0.3851851851851852 0.9215686274509803 0.3333333333333333 0.9215686274509803 0.3333333333333333 0.9901960784313726 0.3851851851851852 0.9901960784313726 0.3851851851851852 0.9215686274509803
0 0.15555555555555556 0.8431372549019608 0.0962962962962963 0.8431372549019608 0.0962962962962963 0.9215686274509803 0.15555555555555556 0.9215686274509803 0.15555555555555556 0.8431372549019608
0 0.2074074074074074 0.8627450980392157 0.16296296296296298 0.8627450980392157 0.16296296296296298 0.9215686274509803 0.2074074074074074 0.9215686274509803 0.2074074074074074 0.8627450980392157
0 0.7333333333333333 0.39215686274509803 0.6888888888888889 0.39215686274509803 0.6888888888888889 0.45098039215686275 0.7333333333333333 0.45098039215686275 0.7333333333333333 0.39215686274509803
0 0.32592592592592595 0.9215686274509803 0.2740740740740741 0.9215686274509803 0.2740740740740741 0.9901960784313726 0.32592592592592595 0.9901960784313726 0.32592592592592595 0.9215686274509803
0 0.32592592592592595 0.8431372549019608 0.26666666666666666 0.8431372549019608 0.26666666666666666 0.9215686274509803 0.32592592592592595 0.9215686274509803 0.32592592592592595 0.8431372549019608
0 0.9777777777777777 0.7745098039215687 0.9259259259259259 0.7745098039215687 0.9259259259259259 0.8431372549019608 0.9777777777777777 0.8431372549019608 0.9777777777777777 0.7745098039215687
0 0.9851851851851852 0.8627450980392157 0.9259259259259259 0.8627450980392157 0.9259259259259259 0.9215686274509803 0.9851851851851852 0.9215686274509803 0.9851851851851852 0.8627450980392157
0 0.9259259259259259 0.7745098039215687 0.8666666666666667 0.7745098039215687 0.8666666666666667 0.8431372549019608 0.9259259259259259 0.8431372549019608 0.9259259259259259 0.7745098039215687
0 0.3851851851851852 0.8431372549019608 0.3333333333333333 0.8431372549019608 0.3333333333333333 0.9215686274509803 0.3851851851851852 0.9215686274509803 0.3851851851851852 0.8431372549019608
0 0.5037037037037037 0.9215686274509803 0.4444444444444444 0.9215686274509803 0.4444444444444444 0.9901960784313726 0.5037037037037037 0.9901960784313726 0.5037037037037037 0.9215686274509803
0 0.4444444444444444 0.9215686274509803 0.4 0.9215686274509803 0.4 0.9901960784313726 0.4444444444444444 0.9901960784313726 0.4444444444444444 0.9215686274509803
0 0.4962962962962963 0.39215686274509803 0.4444444444444444 0.39215686274509803 0.4444444444444444 0.45098039215686275 0.4962962962962963 0.45098039215686275 0.4962962962962963 0.39215686274509803
0 0.9851851851851852 0.9215686274509803 0.9259259259259259 0.9215686274509803 0.9259259259259259 0.9901960784313726 0.9851851851851852 0.9901960784313726 0.9851851851851852 0.9215686274509803
0 0.26666666666666666 0.8627450980392157 0.21481481481481482 0.8627450980392157 0.21481481481481482 0.9215686274509803 0.26666666666666666 0.9215686274509803 0.26666666666666666 0.8627450980392157
0 0.43703703703703706 0.696078431372549 0.3851851851851852 0.696078431372549 0.3851851851851852 0.7745098039215687 0.43703703703703706 0.7745098039215687 0.43703703703703706 0.696078431372549
0 0.3851851851851852 0.39215686274509803 0.32592592592592595 0.39215686274509803 0.32592592592592595 0.47058823529411764 0.3851851851851852 0.47058823529411764 0.3851851851851852 0.39215686274509803
0 0.8666666666666667 0.9215686274509803 0.8074074074074075 0.9215686274509803 0.8074074074074075 0.9901960784313726 0.8666666666666667 0.9901960784313726 0.8666666666666667 0.9215686274509803
0 0.9259259259259259 0.8627450980392157 0.8666666666666667 0.8627450980392157 0.8666666666666667 0.9215686274509803 0.9259259259259259 0.9215686274509803 0.9259259259259259 0.8627450980392157
0 0.8 0.5392156862745098 0.725925925925926 0.5392156862745098 0.725925925925926 0.5980392156862745 0.8 0.5980392156862745 0.8 0.5392156862745098
0 0.5555555555555556 0.696078431372549 0.4962962962962963 0.696078431372549 0.4962962962962963 0.7647058823529411 0.5555555555555556 0.7647058823529411 0.5555555555555556 0.696078431372549
0 0.562962962962963 0.9215686274509803 0.5185185185185185 0.9215686274509803 0.5185185185185185 0.9901960784313726 0.562962962962963 0.9901960784313726 0.562962962962963 0.9215686274509803
0 0.15555555555555556 0.9215686274509803 0.0962962962962963 0.9215686274509803 0.0962962962962963 0.9901960784313726 0.15555555555555556 0.9901960784313726 0.15555555555555556 0.9215686274509803
0 0.14814814814814814 0.47058823529411764 0.0962962962962963 0.47058823529411764 0.0962962962962963 0.5392156862745098 0.14814814814814814 0.5392156862745098 0.14814814814814814 0.47058823529411764
0 0.21481481481481482 0.9215686274509803 0.15555555555555556 0.9215686274509803 0.15555555555555556 0.9901960784313726 0.21481481481481482 0.9901960784313726 0.21481481481481482 0.9215686274509803
0 0.9259259259259259 0.9215686274509803 0.8666666666666667 0.9215686274509803 0.8666666666666667 0.9901960784313726 0.9259259259259259 0.9901960784313726 0.9259259259259259 0.9215686274509803
0 0.15555555555555556 0.39215686274509803 0.1037037037037037 0.39215686274509803 0.1037037037037037 0.47058823529411764 0.15555555555555556 0.47058823529411764 0.15555555555555556 0.39215686274509803
0 0.43703703703703706 0.6274509803921569 0.3851851851851852 0.6274509803921569 0.3851851851851852 0.696078431372549 0.43703703703703706 0.696078431372549 0.43703703703703706 0.6274509803921569
0 0.6888888888888889 0.9215686274509803 0.6148148148148148 0.9215686274509803 0.6148148148148148 0.9901960784313726 0.6888888888888889 0.9901960784313726 0.6888888888888889 0.9215686274509803
0 0.43703703703703706 0.16666666666666666 0.3851851851851852 0.16666666666666666 0.3851851851851852 0.24509803921568626 0.43703703703703706 0.24509803921568626 0.43703703703703706 0.16666666666666666
0 0.4962962962962963 0.696078431372549 0.43703703703703706 0.696078431372549 0.43703703703703706 0.7647058823529411 0.4962962962962963 0.7647058823529411 0.4962962962962963 0.696078431372549
0 0.0962962962962963 0.8627450980392157 0.037037037037037035 0.8627450980392157 0.037037037037037035 0.9215686274509803 0.0962962962962963 0.9215686274509803 0.0962962962962963 0.8627450980392157
0 0.4444444444444444 0.39215686274509803 0.3851851851851852 0.39215686274509803 0.3851851851851852 0.47058823529411764 0.4444444444444444 0.47058823529411764 0.4444444444444444 0.39215686274509803
0 0.21481481481481482 0.39215686274509803 0.15555555555555556 0.39215686274509803 0.15555555555555556 0.45098039215686275 0.21481481481481482 0.45098039215686275 0.21481481481481482 0.39215686274509803
0 0.8074074074074075 0.9215686274509803 0.7481481481481481 0.9215686274509803 0.7481481481481481 0.9901960784313726 0.8074074074074075 0.9901960784313726 0.8074074074074075 0.9215686274509803
0 0.4962962962962963 0.0196078431372549 0.43703703703703706 0.0196078431372549 0.43703703703703706 0.06862745098039216 0.4962962962962963 0.06862745098039216 0.4962962962962963 0.0196078431372549
0 0.5555555555555556 0.39215686274509803 0.4962962962962963 0.39215686274509803 0.4962962962962963 0.47058823529411764 0.5555555555555556 0.47058823529411764 0.5555555555555556 0.39215686274509803
0 0.3851851851851852 0.696078431372549 0.32592592592592595 0.696078431372549 0.32592592592592595 0.7647058823529411 0.3851851851851852 0.7647058823529411 0.3851851851851852 0.696078431372549
0 0.6148148148148148 0.24509803921568626 0.5555555555555556 0.24509803921568626 0.5555555555555556 0.29411764705882354 0.6148148148148148 0.29411764705882354 0.6148148148148148 0.24509803921568626
0 0.32592592592592595 0.39215686274509803 0.26666666666666666 0.39215686274509803 0.26666666666666666 0.45098039215686275 0.32592592592592595 0.45098039215686275 0.32592592592592595 0.39215686274509803
0 0.037037037037037035 0.7941176470588235 0 0.7941176470588235 0 0.8627450980392157 0.037037037037037035 0.8627450980392157 0.037037037037037035 0.7941176470588235
0 0.8 0.39215686274509803 0.7333333333333333 0.39215686274509803 0.7333333333333333 0.45098039215686275 0.8 0.45098039215686275 0.8 0.39215686274509803
0 0.0962962962962963 0.47058823529411764 0.044444444444444446 0.47058823529411764 0.044444444444444446 0.5490196078431373 0.0962962962962963 0.5490196078431373 0.0962962962962963 0.47058823529411764
0 0.2740740740740741 0.9215686274509803 0.2074074074074074 0.9215686274509803 0.2074074074074074 0.9901960784313726 0.2740740740740741 0.9901960784313726 0.2740740740740741 0.9215686274509803
0 0.674074074074074 0.39215686274509803 0.6074074074074074 0.39215686274509803 0.6074074074074074 0.45098039215686275 0.674074074074074 0.45098039215686275 0.674074074074074 0.39215686274509803
0 0.2074074074074074 0.5490196078431373 0.16296296296296298 0.5490196078431373 0.16296296296296298 0.5980392156862745 0.2074074074074074 0.5980392156862745 0.2074074074074074 0.5490196078431373
0 0.674074074074074 0.5490196078431373 0.6148148148148148 0.5490196078431373 0.6148148148148148 0.5980392156862745 0.674074074074074 0.5980392156862745 0.674074074074074 0.5490196078431373
0 0.9259259259259259 0.5392156862745098 0.8444444444444444 0.5392156862745098 0.8444444444444444 0.5980392156862745 0.9259259259259259 0.5980392156862745 0.9259259259259259 0.5392156862745098
0 0.2074074074074074 0.47058823529411764 0.16296296296296298 0.47058823529411764 0.16296296296296298 0.5392156862745098 0.2074074074074074 0.5392156862745098 0.2074074074074074 0.47058823529411764
0 0.4962962962962963 0.3235294117647059 0.43703703703703706 0.3235294117647059 0.43703703703703706 0.39215686274509803 0.4962962962962963 0.39215686274509803 0.4962962962962963 0.3235294117647059
0 0.4444444444444444 0.8431372549019608 0.3851851851851852 0.8431372549019608 0.3851851851851852 0.9215686274509803 0.4444444444444444 0.9215686274509803 0.4444444444444444 0.8431372549019608
0 0.7333333333333333 0.47058823529411764 0.6666666666666666 0.47058823529411764 0.6666666666666666 0.5196078431372549 0.7333333333333333 0.5196078431372549 0.7333333333333333 0.47058823529411764
0 0.14814814814814814 0.7745098039215687 0.0962962962962963 0.7745098039215687 0.0962962962962963 0.8431372549019608 0.14814814814814814 0.8431372549019608 0.14814814814814814 0.7745098039215687
0 0.562962962962963 0.06862745098039216 0.5185185185185185 0.06862745098039216 0.5185185185185185 0.14705882352941177 0.562962962962963 0.14705882352941177 0.562962962962963 0.06862745098039216
0 0.037037037037037035 0.696078431372549 0 0.696078431372549 0 0.7647058823529411 0.037037037037037035 0.7647058823529411 0.037037037037037035 0.696078431372549
0 0.0962962962962963 0.7745098039215687 0.044444444444444446 0.7745098039215687 0.044444444444444446 0.8431372549019608 0.0962962962962963 0.8431372549019608 0.0962962962962963 0.7745098039215687
0 0.5555555555555556 0 0.5037037037037037 0 0.5037037037037037 0.06862745098039216 0.5555555555555556 0.06862745098039216 0.5555555555555556 0