0 0.04597701149425287 0.4875 0 0.4875 0 0.55 0.04597701149425287 0.55 0.04597701149425287 0.4875
0 0.022988505747126436 0.075 0 0.1375 0.022988505747126436 0.075
0 0.04597701149425287 0 0 0 0 0.0625 0.04597701149425287 0.0625 0.04597701149425287 0
0 0.5287356321839081 0 0.4827586206896552 0 0.4827586206896552 0.0375 0.5287356321839081 0.0375 0.5287356321839081 0
0 0.12643678160919541 0.075 0.08045977011494253 0.075 0.08045977011494253 0.15 0.12643678160919541 0.15 0.12643678160919541 0.075
0 0.08045977011494253 0.075 0.022988505747126436 0.075 0.022988505747126436 0.15 0.08045977011494253 0.15 0.08045977011494253 0.075
0 0.16091954022988506 0.4875 0.08045977011494253 0.4875 0.08045977011494253 0.5625 0.16091954022988506 0.5625 0.16091954022988506 0.4875
0 0.6206896551724138 0 0.5632183908045977 0.025 0.6206896551724138 0
0 0.04597701149425287 0.55 0 0.55 0 0.6125 0.04597701149425287 0.6125 0.04597701149425287 0.55
0 0.20689655172413793 0.075 0.14942528735632185 0.075 0.14942528735632185 0.15 0.20689655172413793 0.15 0.20689655172413793 0.075
0 0.20689655172413793 0 0.14942528735632185 0 0.14942528735632185 0.0625 0.20689655172413793 0.0625 0.20689655172413793 0
0 0.3448275862068966 0.4875 0.28735632183908044 0.4875 0.28735632183908044 0.5625 0.3448275862068966 0.5625 0.3448275862068966 0.4875
0 0.04597701149425287 0.6125 0 0.6125 0 0.6875 0.04597701149425287 0.6875 0.04597701149425287 0.6125