0 0.21305841924398625 0.4434250764525994 0.10996563573883161 0.4434250764525994 0.10996563573883161 0.5229357798165137 0.21305841924398625 0.5229357798165137 0.21305841924398625 0.4434250764525994
0 0.4742268041237113 0.3333333333333333 0.38831615120274915 0.3333333333333333 0.38831615120274915 0.38837920489296635 0.4742268041237113 0.38837920489296635 0.4742268041237113 0.3333333333333333
0 0.4845360824742268 0.39143730886850153 0.37800687285223367 0.39143730886850153 0.37800687285223367 0.4617737003058104 0.4845360824742268 0.4617737003058104 0.4845360824742268 0.39143730886850153
0 0.49140893470790376 0.6391437308868502 0.37800687285223367 0.6391437308868502 0.37800687285223367 0.7186544342507645 0.49140893470790376 0.7186544342507645 0.49140893470790376 0.6391437308868502
0 0.08934707903780069 0.3730886850152905 0 0.3730886850152905 0 0.45565749235474007 0.08934707903780069 0.45565749235474007 0.08934707903780069 0.3730886850152905
0 0.08934707903780069 0.636085626911315 0 0.636085626911315 0 0.7217125382262997 0.08934707903780069 0.7217125382262997 0.08934707903780069 0.636085626911315
0 0.07903780068728522 0.9204892966360856 0 0.9204892966360856 0 0.9938837920489296 0.07903780068728522 0.9938837920489296 0.07903780068728522 0.9204892966360856
0 0.07903780068728522 0.5718654434250765 0 0.5718654434250765 0 0.636085626911315 0.07903780068728522 0.636085626911315 0.07903780068728522 0.5718654434250765
0 0.7079037800687286 0.19571865443425077 0.6082474226804123 0.19571865443425077 0.6082474226804123 0.2691131498470948 0.7079037800687286 0.2691131498470948 0.7079037800687286 0.19571865443425077
0 0.08247422680412371 0.12232415902140673 0 0.12232415902140673 0 0.2018348623853211 0.08247422680412371 0.2018348623853211 0.08247422680412371 0.12232415902140673
0 0.08934707903780069 0.2966360856269113 0 0.2966360856269113 0 0.3730886850152905 0.08934707903780069 0.3730886850152905 0.08934707903780069 0.2966360856269113
0 0.35738831615120276 0.4525993883792049 0.2542955326460481 0.4525993883792049 0.2542955326460481 0.5229357798165137 0.35738831615120276 0.5229357798165137 0.35738831615120276 0.4525993883792049
0 0.4948453608247423 0.2599388379204893 0.3711340206185567 0.2599388379204893 0.3711340206185567 0.3425076452599388 0.4948453608247423 0.3425076452599388 0.4948453608247423 0.2599388379204893
0 0.5910652920962199 0.6483180428134556 0.4845360824742268 0.6483180428134556 0.4845360824742268 0.7308868501529052 0.5910652920962199 0.7308868501529052 0.5910652920962199 0.6483180428134556
0 0.6185567010309279 0.5688073394495413 0.4948453608247423 0.5688073394495413 0.4948453608247423 0.6513761467889908 0.6185567010309279 0.6513761467889908 0.6185567010309279 0.5688073394495413
0 0.5979381443298969 0.4434250764525994 0.48109965635738833 0.4434250764525994 0.48109965635738833 0.5259938837920489 0.5979381443298969 0.5259938837920489 0.5979381443298969 0.4434250764525994
0 0.3402061855670103 0.7981651376146789 0.23367697594501718 0.7981651376146789 0.23367697594501718 0.8776758409785933 0.3402061855670103 0.8776758409785933 0.3402061855670103 0.7981651376146789
0 0.7353951890034365 0.5688073394495413 0.6288659793814433 0.5688073394495413 0.6288659793814433 0.6513761467889908 0.7353951890034365 0.6513761467889908 0.7353951890034365 0.5688073394495413
0 0.281786941580756 0.7064220183486238 0.24054982817869416 0.7064220183486238 0.24054982817869416 0.764525993883792 0.281786941580756 0.764525993883792 0.281786941580756 0.7064220183486238
0 0.35051546391752575 0.7003058103975535 0.281786941580756 0.7003058103975535 0.281786941580756 0.764525993883792 0.35051546391752575 0.764525993883792 0.35051546391752575 0.7003058103975535
0 0.28865979381443296 0.6483180428134556 0.24054982817869416 0.6483180428134556 0.24054982817869416 0.7064220183486238 0.28865979381443296 0.7064220183486238 0.28865979381443296 0.6483180428134556
0 0.08934707903780069 0.7675840978593272 0 0.7675840978593272 0 0.8501529051987767 0.08934707903780069 0.8501529051987767 0.08934707903780069 0.7675840978593272
0 0.21649484536082475 0.9143730886850153 0.09965635738831616 0.9143730886850153 0.09965635738831616 0.9908256880733946 0.21649484536082475 0.9908256880733946 0.21649484536082475 0.9143730886850153
0 0.6941580756013745 0 0.6185567010309279 0 0.6185567010309279 0.039755351681957186 0.6941580756013745 0.039755351681957186 0.6941580756013745 0
0 0.21305841924398625 0.7155963302752294 0.09965635738831616 0.7155963302752294 0.09965635738831616 0.8012232415902141 0.21305841924398625 0.8012232415902141 0.21305841924398625 0.7155963302752294
0 0.8694158075601375 0.5168195718654435 0.7525773195876289 0.5168195718654435 0.7525773195876289 0.6024464831804281 0.8694158075601375 0.6024464831804281 0.8694158075601375 0.5168195718654435
0 0.6357388316151202 0.9418960244648318 0.5326460481099656 0.9418960244648318 0.5326460481099656 0.9938837920489296 0.6357388316151202 0.9938837920489296 0.6357388316151202 0.9418960244648318
0 0.4742268041237113 0.4892966360856269 0.3951890034364261 0.4892966360856269 0.3951890034364261 0.5504587155963303 0.4742268041237113 0.5504587155963303 0.4742268041237113 0.4892966360856269