0 0.7666666666666667 0.7412587412587412 0.6944444444444444 0.7412587412587412 0.6944444444444444 0.8041958041958042 0.7666666666666667 0.8041958041958042 0.7666666666666667 0.7412587412587412
0 0.7666666666666667 0.6783216783216783 0.7055555555555556 0.6783216783216783 0.7055555555555556 0.7342657342657343 0.7666666666666667 0.7342657342657343 0.7666666666666667 0.6783216783216783
0 0.2777777777777778 0.7412587412587412 0.22777777777777777 0.7412587412587412 0.22777777777777777 0.8111888111888111 0.2777777777777778 0.8111888111888111 0.2777777777777778 0.7412587412587412
0 0.5388888888888889 0.5734265734265734 0.4666666666666667 0.5734265734265734 0.4666666666666667 0.6433566433566433 0.5388888888888889 0.6433566433566433 0.5388888888888889 0.5734265734265734
0 0.3 0.6013986013986014 0.21666666666666667 0.6013986013986014 0.21666666666666667 0.6713286713286714 0.3 0.6713286713286714 0.3 0.6013986013986014
0 0.07777777777777778 0.7412587412587412 0 0.7412587412587412 0 0.8181818181818182 0.07777777777777778 0.8181818181818182 0.07777777777777778 0.7412587412587412
0 0.3 0.6713286713286714 0.22777777777777777 0.6713286713286714 0.22777777777777777 0.7342657342657343 0.3 0.7342657342657343 0.3 0.6713286713286714
0 0.6666666666666666 0 0.6 0 0.6 0.04195804195804196 0.6666666666666666 0.04195804195804196 0.6666666666666666 0
0 0.4888888888888889 0.46153846153846156 0.4388888888888889 0.46153846153846156 0.4388888888888889 0.5314685314685315 0.4888888888888889 0.5314685314685315 0.4888888888888889 0.46153846153846156
0 0.35555555555555557 0.4825174825174825 0.3 0.4825174825174825 0.3 0.5524475524475524 0.35555555555555557 0.5524475524475524 0.35555555555555557 0.4825174825174825
0 0.8666666666666667 0 0.8055555555555556 0 0.8055555555555556 0.04195804195804196 0.8666666666666667 0.04195804195804196 0.8666666666666667 0
0 0.55 0 0.4777777777777778 0 0.4777777777777778 0.06293706293706294 0.55 0.06293706293706294 0.55 0
0 0.55 0.2097902097902098 0.4666666666666667 0.2097902097902098 0.4666666666666667 0.2937062937062937 0.55 0.2937062937062937 0.55 0.2097902097902098