0 0.2054794520547945 0.018518518518518517 0.1232876712328767 0.018518518518518517 0.1232876712328767 0.08888888888888889 0.2054794520547945 0.08888888888888889 0.2054794520547945 0.018518518518518517
0 0.4828767123287671 0.27037037037037037 0.3801369863013699 0.27037037037037037 0.3801369863013699 0.34074074074074073 0.4828767123287671 0.34074074074074073 0.4828767123287671 0.27037037037037037
0 0.08561643835616438 0.6666666666666666 0 0.6666666666666666 0 0.7407407407407407 0.08561643835616438 0.7407407407407407 0.08561643835616438 0.6666666666666666
0 0.4554794520547945 0.07777777777777778 0.3595890410958904 0.07777777777777778 0.3595890410958904 0.14074074074074075 0.4554794520547945 0.14074074074074075 0.4554794520547945 0.07777777777777778
0 0.06506849315068493 0.4185185185185185 0 0.4185185185185185 0 0.4888888888888889 0.06506849315068493 0.4888888888888889 0.06506849315068493 0.4185185185185185
0 0.08561643835616438 0.007407407407407408 0 0.007407407407407408 0 0.08888888888888889 0.08561643835616438 0.08888888888888889 0.08561643835616438 0.007407407407407408
0 0.791095890410959 0.9666666666666667 0.7328767123287672 0.9666666666666667 0.7328767123287672 0.9962962962962963 0.791095890410959 0.9962962962962963 0.791095890410959 0.9666666666666667
0 0.9965753424657534 0.8851851851851852 0.9315068493150684 0.8851851851851852 0.9315068493150684 0.937037037037037 0.9965753424657534 0.937037037037037 0.9965753424657534 0.8851851851851852
0 0.2054794520547945 0.42592592592592593 0.1095890410958904 0.42592592592592593 0.1095890410958904 0.5 0.2054794520547945 0.5 0.2054794520547945 0.42592592592592593
0 0.19863013698630136 0.3592592592592593 0.16095890410958905 0.3592592592592593 0.16095890410958905 0.4111111111111111 0.19863013698630136 0.4111111111111111 0.19863013698630136 0.3592592592592593
0 0.3356164383561644 0.14814814814814814 0.23972602739726026 0.14814814814814814 0.23972602739726026 0.22962962962962963 0.3356164383561644 0.22962962962962963 0.3356164383561644 0.14814814814814814
0 0.3150684931506849 0.4185185185185185 0.23972602739726026 0.4185185185185185 0.23972602739726026 0.4888888888888889 0.3150684931506849 0.4888888888888889 0.3150684931506849 0.4185185185185185
0 0.8287671232876712 0.8962962962962963 0.7328767123287672 0.8962962962962963 0.7328767123287672 0.9703703703703703 0.8287671232876712 0.9703703703703703 0.8287671232876712 0.8962962962962963
0 0.6301369863013698 0.9555555555555556 0.5856164383561644 0.9555555555555556 0.5856164383561644 0.9962962962962963 0.6301369863013698 0.9962962962962963 0.6301369863013698 0.9555555555555556
0 0.8801369863013698 0.6 0.821917808219178 0.6 0.821917808219178 0.6592592592592592 0.8801369863013698 0.6592592592592592 0.8801369863013698 0.6