0 0.8209876543209876 0.952 0.7777777777777778 0.952 0.7777777777777778 0.984 0.8209876543209876 0.984 0.8209876543209876 0.952
0 0.22839506172839505 0.016 0.1419753086419753 0.016 0.1419753086419753 0.08 0.22839506172839505 0.08 0.22839506172839505 0.016
0 0.30864197530864196 0.544 0.2345679012345679 0.544 0.2345679012345679 0.608 0.30864197530864196 0.608 0.30864197530864196 0.544
0 0.12962962962962962 0.448 0.06172839506172839 0.448 0.06172839506172839 0.512 0.12962962962962962 0.512 0.12962962962962962 0.448
0 0.12962962962962962 0.112 0.06172839506172839 0.112 0.06172839506172839 0.2 0.12962962962962962 0.2 0.12962962962962962 0.112
0 0.30864197530864196 0.344 0.24074074074074073 0.344 0.24074074074074073 0.416 0.30864197530864196 0.416 0.30864197530864196 0.344
0 0.30246913580246915 0.416 0.2345679012345679 0.416 0.2345679012345679 0.488 0.30246913580246915 0.488 0.30246913580246915 0.416
0 0.12962962962962962 0.328 0.043209876543209874 0.328 0.043209876543209874 0.416 0.12962962962962962 0.416 0.12962962962962962 0.328
0 0.4074074074074074 0.888 0.30246913580246915 0.888 0.30246913580246915 0.96 0.4074074074074074 0.96 0.4074074074074074 0.888
0 0.22839506172839505 0.112 0.14814814814814814 0.112 0.14814814814814814 0.192 0.22839506172839505 0.192 0.22839506172839505 0.112
0 0.4074074074074074 0 0.35185185185185186 0 0.35185185185185186 0.032 0.4074074074074074 0.032 0.4074074074074074 0
0 0.6049382716049383 0.688 0.5123456790123457 0.688 0.5123456790123457 0.768 0.6049382716049383 0.768 0.6049382716049383 0.688
0 0.8888888888888888 0.944 0.8209876543209876 0.944 0.8209876543209876 0.984 0.8888888888888888 0.984 0.8888888888888888 0.944
0 0.30864197530864196 0.016 0.24074074074074073 0.016 0.24074074074074073 0.096 0.30864197530864196 0.096 0.30864197530864196 0.016
0 0.6049382716049383 0.592 0.5123456790123457 0.592 0.5123456790123457 0.656 0.6049382716049383 0.656 0.6049382716049383 0.592