0 0.7215189873417721 0.7370892018779343 0.6540084388185654 0.7370892018779343 0.6540084388185654 0.8028169014084507 0.7215189873417721 0.8028169014084507 0.7215189873417721 0.7370892018779343
0 0.7679324894514767 0.40375586854460094 0.7088607594936709 0.40375586854460094 0.7088607594936709 0.4647887323943662 0.7679324894514767 0.4647887323943662 0.7679324894514767 0.40375586854460094
0 0.8396624472573839 0.40375586854460094 0.7932489451476793 0.40375586854460094 0.7932489451476793 0.4647887323943662 0.8396624472573839 0.4647887323943662 0.8396624472573839 0.40375586854460094
0 0.21940928270042195 0.9107981220657277 0.14767932489451477 0.9107981220657277 0.14767932489451477 0.9859154929577465 0.21940928270042195 0.9859154929577465 0.21940928270042195 0.9107981220657277
0 0.189873417721519 0 0.12236286919831224 0 0.12236286919831224 0.07511737089201878 0.189873417721519 0.07511737089201878 0.189873417721519 0
0 0.7974683544303798 0.8403755868544601 0.7172995780590717 0.8403755868544601 0.7172995780590717 0.9107981220657277 0.7974683544303798 0.9107981220657277 0.7974683544303798 0.8403755868544601
0 0.4177215189873418 0.5727699530516432 0.3670886075949367 0.5727699530516432 0.3670886075949367 0.6384976525821596 0.4177215189873418 0.6384976525821596 0.4177215189873418 0.5727699530516432
0 0.7721518987341772 0.20187793427230047 0.7088607594936709 0.20187793427230047 0.7088607594936709 0.2676056338028169 0.7721518987341772 0.2676056338028169 0.7721518987341772 0.20187793427230047
0 0.4219409282700422 0.7370892018779343 0.3628691983122363 0.7370892018779343 0.3628691983122363 0.812206572769953 0.4219409282700422 0.812206572769953 0.4219409282700422 0.7370892018779343
0 0.8438818565400844 0.47417840375586856 0.7805907172995781 0.47417840375586856 0.7805907172995781 0.5492957746478874 0.8438818565400844 0.5492957746478874 0.8438818565400844 0.47417840375586856
0 0.046413502109704644 0.08450704225352113 0 0.08450704225352113 0 0.14553990610328638 0.046413502109704644 0.14553990610328638 0.046413502109704644 0.08450704225352113
0 0.11814345991561181 0 0.046413502109704644 0 0.046413502109704644 0.07511737089201878 0.11814345991561181 0.07511737089201878 0.11814345991561181 0
0 0.9704641350210971 0 0.919831223628692 0 0.919831223628692 0.06572769953051644 0.9704641350210971 0.06572769953051644 0.9704641350210971 0
0 0.5654008438818565 0.92018779342723 0.4936708860759494 0.92018779342723 0.4936708860759494 0.9953051643192489 0.5654008438818565 0.9953051643192489 0.5654008438818565 0.92018779342723
0 0.7805907172995781 0.7464788732394366 0.7215189873417721 0.7464788732394366 0.7215189873417721 0.8215962441314554 0.7805907172995781 0.8215962441314554 0.7805907172995781 0.7464788732394366
0 0.4936708860759494 0.8403755868544601 0.4345991561181435 0.8403755868544601 0.4345991561181435 0.9107981220657277 0.4936708860759494 0.9107981220657277 0.4936708860759494 0.8403755868544601
0 0.8312236286919831 0.009389671361502348 0.7679324894514767 0.009389671361502348 0.7679324894514767 0.07511737089201878 0.8312236286919831 0.07511737089201878 0.8312236286919831 0.009389671361502348
0 0.2911392405063291 0.7370892018779343 0.21940928270042195 0.7370892018779343 0.21940928270042195 0.812206572769953 0.2911392405063291 0.812206572769953 0.2911392405063291 0.7370892018779343
0 0.27848101265822783 0.8215962441314554 0.21940928270042195 0.8215962441314554 0.21940928270042195 0.892018779342723 0.27848101265822783 0.892018779342723 0.27848101265822783 0.8215962441314554
0 0.919831223628692 0.7746478873239436 0.8607594936708861 0.7746478873239436 0.8607594936708861 0.8309859154929577 0.919831223628692 0.8309859154929577 0.919831223628692 0.7746478873239436
0 0.7932489451476793 0.9295774647887324 0.7215189873417721 0.9295774647887324 0.7215189873417721 0.9953051643192489 0.7932489451476793 0.9953051643192489 0.7932489451476793 0.9295774647887324
0 0.4092827004219409 0.11267605633802817 0.3459915611814346 0.11267605633802817 0.3459915611814346 0.18309859154929578 0.4092827004219409 0.18309859154929578 0.4092827004219409 0.11267605633802817
0 0.34177215189873417 0 0.2742616033755274 0 0.2742616033755274 0.07511737089201878 0.34177215189873417 0.07511737089201878 0.34177215189873417 0
0 0.7215189873417721 0.92018779342723 0.6497890295358649 0.92018779342723 0.6497890295358649 0.9953051643192489 0.7215189873417721 0.9953051643192489 0.7215189873417721 0.92018779342723
0 0.5021097046413502 0.7464788732394366 0.4219409282700422 0.7464788732394366 0.4219409282700422 0.8215962441314554 0.5021097046413502 0.8215962441314554 0.5021097046413502 0.7464788732394366
0 0.2742616033755274 0.19248826291079812 0.1940928270042194 0.19248826291079812 0.1940928270042194 0.2676056338028169 0.2742616033755274 0.2676056338028169 0.2742616033755274 0.19248826291079812
0 0.4177215189873418 0.29107981220657275 0.350210970464135 0.29107981220657275 0.350210970464135 0.3568075117370892 0.4177215189873418 0.3568075117370892 0.4177215189873418 0.29107981220657275
0 0.6962025316455697 0.09389671361502347 0.6244725738396625 0.09389671361502347 0.6244725738396625 0.17370892018779344 0.6962025316455697 0.17370892018779344 0.6962025316455697 0.09389671361502347
0 0.7721518987341772 0.11267605633802817 0.70042194092827 0.11267605633802817 0.70042194092827 0.19248826291079812 0.7721518987341772 0.19248826291079812 0.7721518987341772 0.11267605633802817
0 0.5654008438818565 0.39436619718309857 0.4936708860759494 0.39436619718309857 0.4936708860759494 0.4647887323943662 0.5654008438818565 0.4647887323943662 0.5654008438818565 0.39436619718309857
0 0.3459915611814346 0.09389671361502347 0.270042194092827 0.09389671361502347 0.270042194092827 0.17370892018779344 0.3459915611814346 0.17370892018779344 0.3459915611814346 0.09389671361502347
0 0.6919831223628692 0.39436619718309857 0.6371308016877637 0.39436619718309857 0.6371308016877637 0.45539906103286387 0.6919831223628692 0.45539906103286387 0.6919831223628692 0.39436619718309857
0 0.4936708860759494 0.568075117370892 0.43037974683544306 0.568075117370892 0.43037974683544306 0.6384976525821596 0.4936708860759494 0.6384976525821596 0.4936708860759494 0.568075117370892
0 0.350210970464135 0.4131455399061033 0.3037974683544304 0.4131455399061033 0.3037974683544304 0.4835680751173709 0.350210970464135 0.4835680751173709 0.350210970464135 0.4131455399061033
0 0.6244725738396625 0.39436619718309857 0.5738396624472574 0.39436619718309857 0.5738396624472574 0.45539906103286387 0.6244725738396625 0.45539906103286387 0.6244725738396625 0.39436619718309857
0 0.5780590717299579 0.647887323943662 0.5063291139240507 0.647887323943662 0.5063291139240507 0.7276995305164319 0.5780590717299579 0.7276995305164319 0.5780590717299579 0.647887323943662
0 0.6455696202531646 0.92018779342723 0.5738396624472574 0.92018779342723 0.5738396624472574 0.9953051643192489 0.6455696202531646 0.9953051643192489 0.6455696202531646 0.92018779342723
0 0.4219409282700422 0.8215962441314554 0.35864978902953587 0.8215962441314554 0.35864978902953587 0.9014084507042254 0.4219409282700422 0.9014084507042254 0.4219409282700422 0.8215962441314554
0 0.8396624472573839 0.19248826291079812 0.7721518987341772 0.19248826291079812 0.7721518987341772 0.2676056338028169 0.8396624472573839 0.2676056338028169 0.8396624472573839 0.19248826291079812
0 0.05485232067510549 0.6666666666666666 0 0.6666666666666666 0 0.7276995305164319 0.05485232067510549 0.7276995305164319 0.05485232067510549 0.6666666666666666
0 0.12236286919831224 0.2676056338028169 0.05063291139240506 0.2676056338028169 0.05063291139240506 0.3474178403755869 0.12236286919831224 0.3474178403755869 0.12236286919831224 0.2676056338028169
0 0.9029535864978903 0.4835680751173709 0.8481012658227848 0.4835680751173709 0.8481012658227848 0.539906103286385 0.9029535864978903 0.539906103286385 0.9029535864978903 0.4835680751173709
0 0.7805907172995781 0.5727699530516432 0.7215189873417721 0.5727699530516432 0.7215189873417721 0.6384976525821596 0.7805907172995781 0.6384976525821596 0.7805907172995781 0.5727699530516432
0 0.19831223628691982 0.18309859154929578 0.1308016877637131 0.18309859154929578 0.1308016877637131 0.25821596244131456 0.19831223628691982 0.25821596244131456 0.19831223628691982 0.18309859154929578
0 0.9662447257383966 0.11267605633802817 0.919831223628692 0.11267605633802817 0.919831223628692 0.18309859154929578 0.9662447257383966 0.18309859154929578 0.9662447257383966 0.11267605633802817
0 0.5021097046413502 0.6666666666666666 0.41350210970464135 0.6666666666666666 0.41350210970464135 0.7370892018779343 0.5021097046413502 0.7370892018779343 0.5021097046413502 0.6666666666666666
0 0.4810126582278481 0.11267605633802817 0.41350210970464135 0.11267605633802817 0.41350210970464135 0.18309859154929578 0.4810126582278481 0.18309859154929578 0.4810126582278481 0.11267605633802817
0 0.046413502109704644 0 0 0 0 0.07511737089201878 0.046413502109704644 0.07511737089201878 0.046413502109704644 0
0 0.5654008438818565 0.8403755868544601 0.5021097046413502 0.8403755868544601 0.5021097046413502 0.9107981220657277 0.5654008438818565 0.9107981220657277 0.5654008438818565 0.8403755868544601
0 0.4177215189873418 0.4835680751173709 0.37130801687763715 0.4835680751173709 0.37130801687763715 0.5305164319248826 0.4177215189873418 0.5305164319248826 0.4177215189873418 0.4835680751173709
0 0.7721518987341772 0.3192488262910798 0.7046413502109705 0.3192488262910798 0.7046413502109705 0.39436619718309857 0.7721518987341772 0.39436619718309857 0.7721518987341772 0.3192488262910798
0 0.4810126582278481 0.29107981220657275 0.41350210970464135 0.29107981220657275 0.41350210970464135 0.3568075117370892 0.4810126582278481 0.3568075117370892 0.4810126582278481 0.29107981220657275
0 0.5738396624472574 0.568075117370892 0.4936708860759494 0.568075117370892 0.4936708860759494 0.6384976525821596 0.5738396624472574 0.6384976525821596 0.5738396624472574 0.568075117370892
0 0.8481012658227848 0.755868544600939 0.7932489451476793 0.755868544600939 0.7932489451476793 0.8215962441314554 0.8481012658227848 0.8215962441314554 0.8481012658227848 0.755868544600939
0 0.7932489451476793 0.6666666666666666 0.7172995780590717 0.6666666666666666 0.7172995780590717 0.7370892018779343 0.7932489451476793 0.7370892018779343 0.7932489451476793 0.6666666666666666
0 0.5738396624472574 0.7370892018779343 0.5021097046413502 0.7370892018779343 0.5021097046413502 0.812206572769953 0.5738396624472574 0.812206572769953 0.5738396624472574 0.7370892018779343
0 0.2869198312236287 0.6572769953051644 0.21940928270042195 0.6572769953051644 0.21940928270042195 0.7276995305164319 0.2869198312236287 0.7276995305164319 0.2869198312236287 0.6572769953051644
0 0.6371308016877637 0.4647887323943662 0.5654008438818565 0.4647887323943662 0.5654008438818565 0.539906103286385 0.6371308016877637 0.539906103286385 0.6371308016877637 0.4647887323943662
0 0.12658227848101267 0.08450704225352113 0.046413502109704644 0.08450704225352113 0.046413502109704644 0.1643192488262911 0.12658227848101267 0.1643192488262911 0.12658227848101267 0.08450704225352113
0 0.27848101265822783 0.9014084507042254 0.21940928270042195 0.9014084507042254 0.21940928270042195 0.9671361502347418 0.27848101265822783 0.9671361502347418 0.27848101265822783 0.9014084507042254
0 0.7046413502109705 0.47417840375586856 0.6371308016877637 0.47417840375586856 0.6371308016877637 0.539906103286385 0.7046413502109705 0.539906103286385 0.7046413502109705 0.47417840375586856
0 0.6497890295358649 0.7370892018779343 0.5654008438818565 0.7370892018779343 0.5654008438818565 0.812206572769953 0.6497890295358649 0.812206572769953 0.6497890295358649 0.7370892018779343
0 0.8438818565400844 0.3192488262910798 0.7721518987341772 0.3192488262910798 0.7721518987341772 0.39436619718309857 0.8438818565400844 0.39436619718309857 0.8438818565400844 0.3192488262910798
0 0.7763713080168776 0.47417840375586856 0.7088607594936709 0.47417840375586856 0.7088607594936709 0.5492957746478874 0.7763713080168776 0.5492957746478874 0.7763713080168776 0.47417840375586856
0 0.19831223628691982 0.2676056338028169 0.12658227848101267 0.2676056338028169 0.12658227848101267 0.3380281690140845 0.19831223628691982 0.3380281690140845 0.19831223628691982 0.2676056338028169
0 0.12236286919831224 0.3755868544600939 0.05485232067510549 0.3755868544600939 0.05485232067510549 0.4460093896713615 0.12236286919831224 0.4460093896713615 0.12236286919831224 0.3755868544600939
0 0.43037974683544306 0.9295774647887324 0.34177215189873417 0.9295774647887324 0.34177215189873417 0.9953051643192489 0.43037974683544306 0.9953051643192489 0.43037974683544306 0.9295774647887324
0 0.9873417721518988 0.5915492957746479 0.919831223628692 0.5915492957746479 0.919831223628692 0.647887323943662 0.9873417721518988 0.647887323943662 0.9873417721518988 0.5915492957746479
0 0.43037974683544306 0.19248826291079812 0.33755274261603374 0.19248826291079812 0.33755274261603374 0.2676056338028169 0.43037974683544306 0.2676056338028169 0.43037974683544306 0.19248826291079812
0 0.9156118143459916 0.568075117370892 0.8438818565400844 0.568075117370892 0.8438818565400844 0.647887323943662 0.9156118143459916 0.647887323943662 0.9156118143459916 0.568075117370892
0 0.8523206751054853 0.9295774647887324 0.7974683544303798 0.9295774647887324 0.7974683544303798 0.9953051643192489 0.8523206751054853 0.9953051643192489 0.8523206751054853 0.9295774647887324
0 0.350210970464135 0.568075117370892 0.27848101265822783 0.568075117370892 0.27848101265822783 0.6384976525821596 0.350210970464135 0.6384976525821596 0.350210970464135 0.568075117370892
0 0.19831223628691982 0.09389671361502347 0.12236286919831224 0.09389671361502347 0.12236286919831224 0.17370892018779344 0.19831223628691982 0.17370892018779344 0.19831223628691982 0.09389671361502347
0 0.7215189873417721 0.8403755868544601 0.6371308016877637 0.8403755868544601 0.6371308016877637 0.9107981220657277 0.7215189873417721 0.9107981220657277 0.7215189873417721 0.8403755868544601
0 0.19831223628691982 0.40375586854460094 0.12658227848101267 0.40375586854460094 0.12658227848101267 0.4647887323943662 0.19831223628691982 0.4647887323943662 0.19831223628691982 0.40375586854460094
0 0.41350210970464135 0.4272300469483568 0.37130801687763715 0.4272300469483568 0.37130801687763715 0.4835680751173709 0.41350210970464135 0.4835680751173709 0.41350210970464135 0.4272300469483568
0 0.5569620253164557 0.29107981220657275 0.48945147679324896 0.29107981220657275 0.48945147679324896 0.3755868544600939 0.5569620253164557 0.3755868544600939 0.5569620253164557 0.29107981220657275
0 0.20253164556962025 0.568075117370892 0.12236286919831224 0.568075117370892 0.12236286919831224 0.647887323943662 0.20253164556962025 0.647887323943662 0.20253164556962025 0.568075117370892
0 0.4092827004219409 0.018779342723004695 0.33755274261603374 0.018779342723004695 0.33755274261603374 0.09389671361502347 0.4092827004219409 0.09389671361502347 0.4092827004219409 0.018779342723004695
0 0.8987341772151899 0.12206572769953052 0.8396624472573839 0.12206572769953052 0.8396624472573839 0.18309859154929578 0.8987341772151899 0.18309859154929578 0.8987341772151899 0.12206572769953052
0 0.350210970464135 0.7276995305164319 0.2911392405063291 0.7276995305164319 0.2911392405063291 0.8028169014084507 0.350210970464135 0.8028169014084507 0.350210970464135 0.7276995305164319
0 0.4810126582278481 0.4835680751173709 0.43037974683544306 0.4835680751173709 0.43037974683544306 0.5492957746478874 0.4810126582278481 0.5492957746478874 0.4810126582278481 0.4835680751173709
0 0.12658227848101267 0.17370892018779344 0.05907172995780591 0.17370892018779344 0.05907172995780591 0.24882629107981222 0.12658227848101267 0.24882629107981222 0.12658227848101267 0.17370892018779344
0 0.9029535864978903 0.3004694835680751 0.8438818565400844 0.3004694835680751 0.8438818565400844 0.3755868544600939 0.9029535864978903 0.3755868544600939 0.9029535864978903 0.3004694835680751
0 0.6455696202531646 0.8028169014084507 0.5738396624472574 0.8028169014084507 0.5738396624472574 0.863849765258216 0.6455696202531646 0.863849765258216 0.6455696202531646 0.8028169014084507
0 0.05063291139240506 0.25821596244131456 0 0.25821596244131456 0 0.3192488262910798 0.05063291139240506 0.3192488262910798 0.05063291139240506 0.25821596244131456
0 0.7088607594936709 0.6572769953051644 0.6455696202531646 0.6572769953051644 0.6455696202531646 0.7276995305164319 0.7088607594936709 0.7276995305164319 0.7088607594936709 0.6572769953051644
0 0.12658227848101267 0.568075117370892 0.07172995780590717 0.568075117370892 0.07172995780590717 0.6384976525821596 0.12658227848101267 0.6384976525821596 0.12658227848101267 0.568075117370892
0 0.21518987341772153 0.6572769953051644 0.1350210970464135 0.6572769953051644 0.1350210970464135 0.7276995305164319 0.21518987341772153 0.7276995305164319 0.21518987341772153 0.6572769953051644
0 0.70042194092827 0.018779342723004695 0.6371308016877637 0.018779342723004695 0.6371308016877637 0.08450704225352113 0.70042194092827 0.08450704225352113 0.70042194092827 0.018779342723004695
0 0.9915611814345991 0.9295774647887324 0.9240506329113924 0.9295774647887324 0.9240506329113924 0.9953051643192489 0.9915611814345991 0.9953051643192489 0.9915611814345991 0.9295774647887324
0 0.05063291139240506 0.7370892018779343 0 0.7370892018779343 0 0.8028169014084507 0.05063291139240506 0.8028169014084507 0.05063291139240506 0.7370892018779343
0 0.8396624472573839 0.12206572769953052 0.7679324894514767 0.12206572769953052 0.7679324894514767 0.18309859154929578 0.8396624472573839 0.18309859154929578 0.8396624472573839 0.12206572769953052
0 0.9071729957805907 0.22065727699530516 0.8396624472573839 0.22065727699530516 0.8396624472573839 0.28169014084507044 0.9071729957805907 0.28169014084507044 0.9071729957805907 0.22065727699530516
0 0.9113924050632911 0 0.8354430379746836 0 0.8354430379746836 0.07511737089201878 0.9113924050632911 0.07511737089201878 0.9113924050632911 0
0 0.8481012658227848 0.5727699530516432 0.7805907172995781 0.5727699530516432 0.7805907172995781 0.647887323943662 0.8481012658227848 0.647887323943662 0.8481012658227848 0.5727699530516432
0 0.919831223628692 0.9577464788732394 0.8649789029535865 0.9577464788732394 0.8649789029535865 0.9953051643192489 0.919831223628692 0.9953051643192489 0.919831223628692 0.9577464788732394
0 0.4936708860759494 0.9107981220657277 0.4388185654008439 0.9107981220657277 0.4388185654008439 0.9671361502347418 0.4936708860759494 0.9671361502347418 0.4936708860759494 0.9107981220657277
0 0.7721518987341772 0 0.6962025316455697 0 0.6962025316455697 0.07511737089201878 0.7721518987341772 0.07511737089201878 0.7721518987341772 0
0 0.8523206751054853 0.6948356807511737 0.7932489451476793 0.6948356807511737 0.7932489451476793 0.755868544600939 0.8523206751054853 0.755868544600939 0.8523206751054853 0.6948356807511737
0 0.5611814345991561 0.4647887323943662 0.510548523206751 0.4647887323943662 0.510548523206751 0.5117370892018779 0.5611814345991561 0.5117370892018779 0.5611814345991561 0.4647887323943662
0 0.3459915611814346 0.27699530516431925 0.2869198312236287 0.27699530516431925 0.2869198312236287 0.3380281690140845 0.3459915611814346 0.3380281690140845 0.3459915611814346 0.27699530516431925
0 0.4810126582278481 0.018779342723004695 0.41350210970464135 0.018779342723004695 0.41350210970464135 0.09389671361502347 0.4810126582278481 0.09389671361502347 0.4810126582278481 0.018779342723004695
0 0.1350210970464135 0.647887323943662 0.05907172995780591 0.647887323943662 0.05907172995780591 0.7276995305164319 0.1350210970464135 0.7276995305164319 0.1350210970464135 0.647887323943662
0 0.9704641350210971 0.25821596244131456 0.919831223628692 0.25821596244131456 0.919831223628692 0.3004694835680751 0.9704641350210971 0.3004694835680751 0.9704641350210971 0.25821596244131456
0 0.21518987341772153 0.7276995305164319 0.14345991561181434 0.7276995305164319 0.14345991561181434 0.7934272300469484 0.21518987341772153 0.7934272300469484 0.21518987341772153 0.7276995305164319
0 0.4810126582278481 0.40375586854460094 0.4177215189873418 0.40375586854460094 0.4177215189873418 0.47417840375586856 0.4810126582278481 0.47417840375586856 0.4810126582278481 0.40375586854460094
0 0.37130801687763715 0.647887323943662 0.2869198312236287 0.647887323943662 0.2869198312236287 0.7183098591549296 0.37130801687763715 0.7183098591549296 0.37130801687763715 0.647887323943662
0 0.9789029535864979 0.6948356807511737 0.919831223628692 0.6948356807511737 0.919831223628692 0.7652582159624414 0.9789029535864979 0.7652582159624414 0.9789029535864979 0.6948356807511737
0 0.046413502109704644 0.15492957746478872 0 0.15492957746478872 0 0.22065727699530516 0.046413502109704644 0.22065727699530516 0.046413502109704644 0.15492957746478872
0 0.9240506329113924 0.39436619718309857 0.8354430379746836 0.39436619718309857 0.8354430379746836 0.47417840375586856 0.9240506329113924 0.47417840375586856 0.9240506329113924 0.39436619718309857
0 0.9915611814345991 0.7746478873239436 0.9367088607594937 0.7746478873239436 0.9367088607594937 0.8403755868544601 0.9915611814345991 0.8403755868544601 0.9915611814345991 0.7746478873239436
0 0.8481012658227848 0.8309859154929577 0.7974683544303798 0.8309859154929577 0.7974683544303798 0.9014084507042254 0.8481012658227848 0.9014084507042254 0.8481012658227848 0.8309859154929577
0 0.350210970464135 0.8215962441314554 0.27848101265822783 0.8215962441314554 0.27848101265822783 0.9014084507042254 0.350210970464135 0.9014084507042254 0.350210970464135 0.8215962441314554
0 0.27848101265822783 0.2676056338028169 0.1940928270042194 0.2676056338028169 0.1940928270042194 0.3474178403755869 0.27848101265822783 0.3474178403755869 0.27848101265822783 0.2676056338028169
0 0.05485232067510549 0.38497652582159625 0 0.38497652582159625 0 0.45539906103286387 0.05485232067510549 0.45539906103286387 0.05485232067510549 0.38497652582159625
0 0.70042194092827 0.3192488262910798 0.6329113924050633 0.3192488262910798 0.6329113924050633 0.39436619718309857 0.70042194092827 0.39436619718309857 0.70042194092827 0.3192488262910798
0 0.9873417721518988 0.30985915492957744 0.9156118143459916 0.30985915492957744 0.9156118143459916 0.38497652582159625 0.9873417721518988 0.38497652582159625 0.9873417721518988 0.30985915492957744
0 0.22362869198312235 0.8215962441314554 0.1350210970464135 0.8215962441314554 0.1350210970464135 0.9014084507042254 0.22362869198312235 0.9014084507042254 0.22362869198312235 0.8215962441314554
0 0.12236286919831224 0.45539906103286387 0.05485232067510549 0.45539906103286387 0.05485232067510549 0.5211267605633803 0.12236286919831224 0.5211267605633803 0.12236286919831224 0.45539906103286387
0 0.9873417721518988 0.8497652582159625 0.9240506329113924 0.8497652582159625 0.9240506329113924 0.92018779342723 0.9873417721518988 0.92018779342723 0.9873417721518988 0.8497652582159625
0 0.9156118143459916 0.6948356807511737 0.8607594936708861 0.6948356807511737 0.8607594936708861 0.7652582159624414 0.9156118143459916 0.7652582159624414 0.9156118143459916 0.6948356807511737
0 0.2742616033755274 0.5727699530516432 0.21940928270042195 0.5727699530516432 0.21940928270042195 0.6384976525821596 0.2742616033755274 0.6384976525821596 0.2742616033755274 0.5727699530516432
0 0.20253164556962025 0.4647887323943662 0.11814345991561181 0.4647887323943662 0.11814345991561181 0.5492957746478874 0.20253164556962025 0.5492957746478874 0.20253164556962025 0.4647887323943662
0 0.2742616033755274 0 0.189873417721519 0 0.189873417721519 0.07511737089201878 0.2742616033755274 0.07511737089201878 0.2742616033755274 0
0 0.7046413502109705 0.18309859154929578 0.6160337552742616 0.18309859154929578 0.6160337552742616 0.2676056338028169 0.7046413502109705 0.2676056338028169 0.7046413502109705 0.18309859154929578
0 0.6244725738396625 0.30985915492957744 0.5527426160337553 0.30985915492957744 0.5527426160337553 0.38497652582159625 0.6244725738396625 0.38497652582159625 0.6244725738396625 0.30985915492957744
0 0.9915611814345991 0.12206572769953052 0.9662447257383966 0.12206572769953052 0.9662447257383966 0.18309859154929578 0.9915611814345991 0.18309859154929578 0.9915611814345991 0.12206572769953052
0 0.919831223628692 0.8309859154929577 0.8481012658227848 0.8309859154929577 0.8481012658227848 0.9014084507042254 0.919831223628692 0.9014084507042254 0.919831223628692 0.8309859154929577
0 0.6033755274261603 0 0.5527426160337553 0 0.5527426160337553 0.03755868544600939 0.6033755274261603 0.03755868544600939 0.6033755274261603 0
0 0.5569620253164557 0.2112676056338028 0.4641350210970464 0.2112676056338028 0.4641350210970464 0.28169014084507044 0.5569620253164557 0.28169014084507044 0.5569620253164557 0.2112676056338028
0 0.9704641350210971 0.4835680751173709 0.9029535864978903 0.4835680751173709 0.9029535864978903 0.5492957746478874 0.9704641350210971 0.5492957746478874 0.9704641350210971 0.4835680751173709