0 0.0625 0 0 0 0 0.045454545454545456 0.0625 0.045454545454545456 0.0625 0
0 0.046875 0.5075757575757576 0 0.5075757575757576 0 0.5606060606060606 0.046875 0.5606060606060606 0.046875 0.5075757575757576
0 0.34375 0 0.296875 0 0.296875 0.06060606060606061 0.34375 0.06060606060606061 0.34375 0
0 0.1328125 0 0.0703125 0 0.0703125 0.045454545454545456 0.1328125 0.045454545454545456 0.1328125 0
0 0.046875 0.5606060606060606 0 0.5606060606060606 0 0.6287878787878788 0.046875 0.6287878787878788 0.046875 0.5606060606060606
0 0.46875 0 0.421875 0 0.421875 0.06060606060606061 0.46875 0.06060606060606061 0.46875 0
0 0.2578125 0 0.1875 0 0.1875 0.06060606060606061 0.2578125 0.06060606060606061 0.2578125 0
0 0.5625 0 0.5 0 0.5 0.06060606060606061 0.5625 0.06060606060606061 0.5625 0
0 0.1484375 0.5606060606060606 0.0625 0.5606060606060606 0.0625 0.6287878787878788 0.1484375 0.6287878787878788 0.1484375 0.5606060606060606
0 0.7421875 0.9545454545454546 0.6796875 0.9545454545454546 0.6796875 0.9848484848484849 0.7421875 0.9848484848484849 0.7421875 0.9545454545454546
0 0.90625 0 0.859375 0 0.859375 0.03787878787878788 0.90625 0.03787878787878788 0.90625 0
0 0.6875 0 0.625 0 0.625 0.03787878787878788 0.6875 0.03787878787878788 0.6875 0
0 0.796875 0 0.71875 0 0.71875 0.06060606060606061 0.796875 0.06060606060606061 0.796875 0
0 0.1171875 0.5075757575757576 0.0625 0.5075757575757576 0.0625 0.5606060606060606 0.1171875 0.5606060606060606 0.1171875 0.5075757575757576