0 0 0 0.021875 0 0.021875 0.009375 0 0.009375
0 0.0265625 0 0.0640625 0 0.0640625 0.0109375 0.0265625 0.0109375
0 0.06796875 0 0.10546875 0 0.10546875 0.0109375 0.06796875 0.0109375
0 0.10625 0.00078125 0.140625 0.00078125 0.140625 0.01328125 0.10625 0.01328125
0 0.14375 0.00078125 0.1875 0.00078125 0.1875 0.01328125 0.14375 0.01328125
0 0.18984375 0 0.23203125 0 0.23203125 0.0125 0.18984375 0.0125
0 0.23203125 0 0.26796875 0 0.26796875 0.0125 0.23203125 0.0125
0 0.271875 0.0015625 0.3078125 0.0015625 0.3078125 0.015625 0.271875 0.015625
0 0.31171875 0 0.34296875 0 0.34296875 0.015625 0.31171875 0.015625
0 0.34296875 0 0.36328125 0 0.36328125 0.0140625 0.34296875 0.0140625
0 0.36328125 0 0.39140625 0 0.39140625 0.015625 0.36328125 0.015625
0 0.39453125 0 0.43359375 0 0.43359375 0.0140625 0.39453125 0.0140625
0 0.43515625 0.00078125 0.46796875 0.00078125 0.46796875 0.01484375 0.43515625 0.01484375
0 0.47109375 0.00078125 0.49609375 0.00078125 0.49609375 0.01328125 0.47109375 0.01328125
0 0.496875 0.00078125 0.5234375 0.00078125 0.5234375 0.01328125 0.496875 0.01328125
0 0.5234375 0.00078125 0.5546875 0.00078125 0.5546875 0.01484375 0.5234375 0.01484375
0 0.55703125 0.00078125 0.58671875 0.00078125 0.58671875 0.01171875 0.55703125 0.01171875
0 0.5921875 0.0015625 0.634375 0.0015625 0.634375 0.0140625 0.5921875 0.0140625
0 0.6375 0.0015625 0.6796875 0.0015625 0.6796875 0.0125 0.6375 0.0125
0 0.68046875 0 0.71953125 0 0.71953125 0.015625 0.68046875 0.015625
0 0.7203125 0.0015625 0.7625 0.0015625 0.7625 0.0171875 0.7203125 0.0171875
0 0.7640625 0.00078125 0.7953125 0.00078125 0.7953125 0.01796875 0.7640625 0.01796875
0 0.79765625 0.00078125 0.84453125 0.00078125 0.84453125 0.01796875 0.79765625 0.01796875
0 0.84609375 0.00078125 0.87578125 0.00078125 0.87578125 0.02265625 0.84609375 0.02265625
0 0.87890625 0.0015625 0.91796875 0.0015625 0.91796875 0.021875 0.87890625 0.021875
0 0.92109375 0 0.96015625 0 0.96015625 0.0234375 0.92109375 0.0234375
0 0.9625 0.00078125 1 0.00078125 1 0.02421875 0.9625 0.02421875
0 0.00234375 0.01171875 0.02578125 0.01171875 0.02578125 0.03984375 0.00234375 0.03984375
0 0.0296875 0.0140625 0.06875 0.0140625 0.06875 0.0375 0.0296875 0.0375
0 0.07109375 0.01484375 0.10390625 0.01484375 0.10390625 0.03828125 0.07109375 0.03828125
0 0.10859375 0.01328125 0.14453125 0.01328125 0.14453125 0.03984375 0.10859375 0.03984375
0 0.14609375 0.0140625 0.18359375 0.0140625 0.18359375 0.040625 0.14609375 0.040625
0 0.1875 0.0171875 0.2296875 0.0171875 0.2296875 0.040625 0.1875 0.040625
0 0.23203125 0.0203125 0.26328125 0.0203125 0.26328125 0.0421875 0.23203125 0.0421875
0 0.2671875 0.02265625 0.3140625 0.02265625 0.3140625 0.04140625 0.2671875 0.04140625
0 0.31640625 0.0203125 0.34765625 0.0203125 0.34765625 0.0421875 0.31640625 0.0421875
0 0.35078125 0.01953125 0.39296875 0.01953125 0.39296875 0.04140625 0.35078125 0.04140625
0 0.396875 0.02109375 0.4359375 0.02109375 0.4359375 0.04140625 0.396875 0.04140625
0 0.43671875 0.0203125 0.47578125 0.0203125 0.47578125 0.0390625 0.43671875 0.0390625
0 0.47734375 0.02109375 0.51015625 0.02109375 0.51015625 0.03984375 0.47734375 0.03984375
0 0.5125 0.0171875 0.55625 0.0171875 0.55625 0.0390625 0.5125 0.0390625
0 0.55859375 0.01875 0.59453125 0.01875 0.59453125 0.0421875 0.55859375 0.0421875
0 0.59765625 0.021875 0.63671875 0.021875 0.63671875 0.0421875 0.59765625 0.0421875
0 0.6421875 0.02109375 0.68125 0.02109375 0.68125 0.04453125 0.6421875 0.04453125
0 0.6859375 0.025 0.7234375 0.025 0.7234375 0.046875 0.6859375 0.046875
0 0.7296875 0.02578125 0.75625 0.02578125 0.75625 0.04609375 0.7296875 0.04609375
0 0.75703125 0.02265625 0.79140625 0.02265625 0.79140625 0.04609375 0.75703125 0.04609375
0 0.8 0.028125 0.8375 0.028125 0.8375 0.0453125 0.8 0.0453125
0 0.84453125 0.025 0.88046875 0.025 0.88046875 0.046875 0.84453125 0.046875
0 0.88359375 0.0265625 0.91796875 0.0265625 0.91796875 0.0515625 0.88359375 0.0515625
0 0.92421875 0.02578125 0.96484375 0.02578125 0.96484375 0.04921875 0.92421875 0.04921875
0 0.96796875 0.02890625 0.99921875 0.02890625 0.99921875 0.05078125 0.96796875 0.05078125
0 0.00234375 0.0421875 0.03203125 0.0421875 0.03203125 0.065625 0.00234375 0.065625
0 0.0328125 0.04296875 0.06875 0.04296875 0.06875 0.06796875 0.0328125 0.06796875
0 0.0734375 0.04765625 0.1125 0.04765625 0.1125 0.06953125 0.0734375 0.06953125
0 0.11796875 0.04765625 0.14453125 0.04765625 0.14453125 0.06953125 0.11796875 0.06953125
0 0.1515625 0.046875 0.1921875 0.046875 0.1921875 0.0671875 0.1515625 0.0671875
0 0.19609375 0.04609375 0.22890625 0.04609375 0.22890625 0.06796875 0.19609375 0.06796875
0 0.2359375 0.04765625 0.275 0.04765625 0.275 0.06953125 0.2359375 0.06953125
0 0.284375 0.04765625 0.3125 0.04765625 0.3125 0.06796875 0.284375 0.06796875
0 0.315625 0.0484375 0.353125 0.0484375 0.353125 0.0671875 0.315625 0.0671875
0 0.3609375 0.04765625 0.390625 0.04765625 0.390625 0.06953125 0.3609375 0.06953125
0 0.39765625 0.0484375 0.43671875 0.0484375 0.43671875 0.071875 0.39765625 0.071875
0 0.44296875 0.05234375 0.47734375 0.05234375 0.47734375 0.07109375 0.44296875 0.07109375
0 0.484375 0.0484375 0.5203125 0.0484375 0.5203125 0.0734375 0.484375 0.0734375
0 0.528125 0.0484375 0.5640625 0.0484375 0.5640625 0.078125 0.528125 0.078125
0 0.571875 0.0515625 0.60625 0.0515625 0.60625 0.0734375 0.571875 0.0734375
0 0.609375 0.05390625 0.6390625 0.05390625 0.6390625 0.07421875 0.609375 0.07421875
0 0.64140625 0.05234375 0.69140625 0.05234375 0.69140625 0.07265625 0.64140625 0.07265625
0 0.68671875 0.0484375 0.73046875 0.0484375 0.73046875 0.071875 0.68671875 0.071875
0 0.73359375 0.04765625 0.77109375 0.04765625 0.77109375 0.07109375 0.73359375 0.07109375
0 0.7703125 0.04921875 0.8015625 0.04921875 0.8015625 0.07109375 0.7703125 0.07109375
0 0.803125 0.0515625 0.840625 0.0515625 0.840625 0.0734375 0.803125 0.0734375
0 0.8484375 0.0515625 0.8796875 0.0515625 0.8796875 0.075 0.8484375 0.075
0 0.88671875 0.05390625 0.92421875 0.05390625 0.92421875 0.07421875 0.88671875 0.07421875
0 0.9328125 0.05546875 0.959375 0.05546875 0.959375 0.07890625 0.9328125 0.07890625
0 0.9625 0.05546875 1 0.05546875 1 0.07734375 0.9625 0.07734375
0 0 0.06875 0.0265625 0.06875 0.0265625 0.09375 0 0.09375
0 0.028125 0.06953125 0.065625 0.06953125 0.065625 0.09453125 0.028125 0.09453125
0 0.07265625 0.07265625 0.11015625 0.07265625 0.11015625 0.09609375 0.07265625 0.09609375
0 0.11484375 0.07421875 0.14921875 0.07421875 0.14921875 0.09609375 0.11484375 0.09609375
0 0.153125 0.07578125 0.1859375 0.07578125 0.1859375 0.09453125 0.153125 0.09453125
0 0.190625 0.07421875 0.2296875 0.07421875 0.2296875 0.09609375 0.190625 0.09609375
0 0.23046875 0.07421875 0.26953125 0.07421875 0.26953125 0.09453125 0.23046875 0.09453125
0 0.2703125 0.0734375 0.3140625 0.0734375 0.3140625 0.09375 0.2703125 0.09375
0 0.31875 0.07421875 0.35 0.07421875 0.35 0.09765625 0.31875 0.09765625
0 0.35390625 0.0734375 0.39609375 0.0734375 0.39609375 0.096875 0.35390625 0.096875
0 0.4 0.075 0.428125 0.075 0.428125 0.096875 0.4 0.096875
0 0.43515625 0.075 0.47578125 0.075 0.47578125 0.096875 0.43515625 0.096875
0 0.48203125 0.0796875 0.51640625 0.0796875 0.51640625 0.0984375 0.48203125 0.0984375
0 0.5203125 0.0796875 0.565625 0.0796875 0.565625 0.1015625 0.5203125 0.1015625
0 0.571875 0.08125 0.6 0.08125 0.6 0.0984375 0.571875 0.0984375
0 0.60859375 0.0796875 0.64453125 0.0796875 0.64453125 0.1 0.60859375 0.1
0 0.64765625 0.07734375 0.68671875 0.07734375 0.68671875 0.09765625 0.64765625 0.09765625
0 0.68671875 0.078125 0.72890625 0.078125 0.72890625 0.0984375 0.68671875 0.0984375
0 0.73203125 0.07734375 0.76328125 0.07734375 0.76328125 0.10234375 0.73203125 0.10234375
0 0.76875 0.078125 0.8015625 0.078125 0.8015625 0.1078125 0.76875 0.1078125
0 0.80390625 0.07578125 0.84140625 0.07578125 0.84140625 0.10390625 0.80390625 0.10390625
0 0.846875 0.075 0.884375 0.075 0.884375 0.1078125 0.846875 0.1078125
0 0.8875 0.07890625 0.91875 0.07890625 0.91875 0.10703125 0.8875 0.10703125
0 0.92578125 0.08203125 0.96015625 0.08203125 0.96015625 0.10390625 0.92578125 0.10390625
0 0.9625 0.0796875 1 0.0796875 1 0.1015625 0.9625 0.1015625
0 0.00234375 0.09765625 0.03203125 0.09765625 0.03203125 0.12265625 0.00234375 0.12265625
0 0.0375 0.0984375 0.06875 0.0984375 0.06875 0.1203125 0.0375 0.1203125
0 0.071875 0.09921875 0.1078125 0.09921875 0.1078125 0.12109375 0.071875 0.12109375
0 0.1125 0.10078125 0.1453125 0.10078125 0.1453125 0.12421875 0.1125 0.12421875
0 0.14609375 0.0984375 0.18515625 0.0984375 0.18515625 0.1234375 0.14609375 0.1234375
0 0.19140625 0.1015625 0.22578125 0.1015625 0.22578125 0.1234375 0.19140625 0.1234375
0 0.23359375 0.1015625 0.27265625 0.1015625 0.27265625 0.1234375 0.23359375 0.1234375
0 0.278125 0.1015625 0.3125 0.1015625 0.3125 0.125 0.278125 0.125
0 0.31953125 0.09765625 0.35703125 0.09765625 0.35703125 0.12734375 0.31953125 0.12734375
0 0.3609375 0.10234375 0.3921875 0.10234375 0.3921875 0.12578125 0.3609375 0.12578125
0 0.39765625 0.09921875 0.43671875 0.09921875 0.43671875 0.12265625 0.39765625 0.12265625
0 0.43671875 0.0984375 0.47734375 0.0984375 0.47734375 0.125 0.43671875 0.125
0 0.478125 0.09921875 0.525 0.09921875 0.525 0.12578125 0.478125 0.12578125
0 0.525 0.10234375 0.55 0.10234375 0.55 0.12578125 0.525 0.12578125
0 0.55390625 0.10234375 0.60859375 0.10234375 0.60859375 0.12890625 0.55390625 0.12890625
0 0.609375 0.103125 0.6390625 0.103125 0.6390625 0.128125 0.609375 0.128125
0 0.64375 0.103125 0.690625 0.103125 0.690625 0.128125 0.64375 0.128125
0 0.68984375 0.10234375 0.72578125 0.10234375 0.72578125 0.13203125 0.68984375 0.13203125
0 0.7265625 0.103125 0.765625 0.103125 0.765625 0.1296875 0.7265625 0.1296875
0 0.76640625 0.10703125 0.80078125 0.10703125 0.80078125 0.13046875 0.76640625 0.13046875
0 0.79921875 0.10703125 0.84765625 0.10703125 0.84765625 0.13046875 0.79921875 0.13046875
0 0.8515625 0.1078125 0.88125 0.1078125 0.88125 0.13125 0.8515625 0.13125
0 0.88203125 0.10859375 0.91328125 0.10859375 0.91328125 0.13046875 0.88203125 0.13046875
0 0.91796875 0.10703125 0.96484375 0.10703125 0.96484375 0.13359375 0.91796875 0.13359375
0 0.9640625 0.10625 1 0.10625 1 0.13125 0.9640625 0.13125
0 0 0.125 0.028125 0.125 0.028125 0.1484375 0 0.1484375
0 0.0328125 0.1234375 0.0703125 0.1234375 0.0703125 0.15 0.0328125 0.15
0 0.07265625 0.12421875 0.11015625 0.12421875 0.11015625 0.15234375 0.07265625 0.15234375
0 0.11015625 0.12265625 0.15234375 0.12265625 0.15234375 0.14921875 0.11015625 0.14921875
0 0.15234375 0.12578125 0.18671875 0.12578125 0.18671875 0.15078125 0.15234375 0.15078125
0 0.18984375 0.1265625 0.23046875 0.1265625 0.23046875 0.15 0.18984375 0.15
0 0.23203125 0.12578125 0.27265625 0.12578125 0.27265625 0.15234375 0.23203125 0.15234375
0 0.27421875 0.1265625 0.31640625 0.1265625 0.31640625 0.1515625 0.27421875 0.1515625
0 0.31796875 0.1265625 0.35703125 0.1265625 0.35703125 0.1546875 0.31796875 0.1546875
0 0.35859375 0.128125 0.38828125 0.128125 0.38828125 0.1515625 0.35859375 0.1515625
0 0.38984375 0.12734375 0.43828125 0.12734375 0.43828125 0.15390625 0.38984375 0.15390625
0 0.440625 0.1265625 0.48125 0.1265625 0.48125 0.1515625 0.440625 0.1515625
0 0.484375 0.12734375 0.5203125 0.12734375 0.5203125 0.15234375 0.484375 0.15234375
0 0.52109375 0.12890625 0.56484375 0.12890625 0.56484375 0.15390625 0.52109375 0.15390625
0 0.5671875 0.1296875 0.6015625 0.1296875 0.6015625 0.1546875 0.5671875 0.1546875
0 0.60390625 0.1296875 0.65078125 0.1296875 0.65078125 0.1578125 0.60390625 0.1578125
0 0.6546875 0.13203125 0.6859375 0.13203125 0.6859375 0.15703125 0.6546875 0.15703125
0 0.68828125 0.1328125 0.72578125 0.1328125 0.72578125 0.1578125 0.68828125 0.1578125
0 0.72734375 0.1328125 0.76484375 0.1328125 0.76484375 0.1578125 0.72734375 0.1578125
0 0.765625 0.1328125 0.80625 0.1328125 0.80625 0.1578125 0.765625 0.1578125
0 0.81015625 0.13359375 0.84453125 0.13359375 0.84453125 0.15859375 0.81015625 0.15859375
0 0.8453125 0.1328125 0.88125 0.1328125 0.88125 0.1578125 0.8453125 0.1578125
0 0.8828125 0.1328125 0.91875 0.1328125 0.91875 0.1578125 0.8828125 0.1578125
0 0.92109375 0.134375 0.95703125 0.134375 0.95703125 0.15625 0.92109375 0.15625
0 0.9625 0.13359375 1 0.13359375 1 0.15859375 0.9625 0.15859375
0 0 0.1515625 0.03125 0.1515625 0.03125 0.175 0 0.175
0 0.0328125 0.153125 0.0625 0.153125 0.0625 0.178125 0.0328125 0.178125
0 0.06484375 0.15390625 0.10859375 0.15390625 0.10859375 0.17890625 0.06484375 0.17890625
0 0.11171875 0.153125 0.14609375 0.153125 0.14609375 0.178125 0.11171875 0.178125
0 0.1484375 0.15390625 0.1875 0.15390625 0.1875 0.17890625 0.1484375 0.17890625
0 0.190625 0.15390625 0.23125 0.15390625 0.23125 0.17734375 0.190625 0.17734375
0 0.23359375 0.1546875 0.27265625 0.1546875 0.27265625 0.1765625 0.23359375 0.1765625
0 0.27421875 0.15390625 0.32109375 0.15390625 0.32109375 0.17890625 0.27421875 0.17890625
0 0.321875 0.15625 0.353125 0.15625 0.353125 0.178125 0.321875 0.178125
0 0.3546875 0.15546875 0.390625 0.15546875 0.390625 0.17890625 0.3546875 0.17890625
0 0.39140625 0.15625 0.44140625 0.15625 0.44140625 0.178125 0.39140625 0.178125
0 0.44296875 0.1546875 0.47734375 0.1546875 0.47734375 0.1796875 0.44296875 0.1796875
0 0.4796875 0.15546875 0.525 0.15546875 0.525 0.18046875 0.4796875 0.18046875
0 0.5265625 0.1578125 0.553125 0.1578125 0.553125 0.1796875 0.5265625 0.1796875
0 0.5546875 0.1578125 0.6046875 0.1578125 0.6046875 0.18125 0.5546875 0.18125
0 0.60625 0.159375 0.6390625 0.159375 0.6390625 0.18125 0.60625 0.18125
0 0.64453125 0.1578125 0.68671875 0.1578125 0.68671875 0.1796875 0.64453125 0.1796875
0 0.690625 0.159375 0.71875 0.159375 0.71875 0.18125 0.690625 0.18125
0 0.721875 0.159375 0.7640625 0.159375 0.7640625 0.184375 0.721875 0.184375
0 0.76640625 0.159375 0.80078125 0.159375 0.80078125 0.184375 0.76640625 0.184375
0 0.80390625 0.159375 0.84453125 0.159375 0.84453125 0.184375 0.80390625 0.184375
0 0.84609375 0.1609375 0.87890625 0.1609375 0.87890625 0.1875 0.84609375 0.1875
0 0.88046875 0.1609375 0.92109375 0.1609375 0.92109375 0.184375 0.88046875 0.184375
0 0.92265625 0.16015625 0.95703125 0.16015625 0.95703125 0.18671875 0.92265625 0.18671875
0 0.959375 0.1609375 1 0.1609375 1 0.1859375 0.959375 0.1859375
0 0.0015625 0.17734375 0.0328125 0.17734375 0.0328125 0.20546875 0.0015625 0.20546875
0 0.0328125 0.1796875 0.0671875 0.1796875 0.0671875 0.2046875 0.0328125 0.2046875
0 0.071875 0.1796875 0.1109375 0.1796875 0.1109375 0.2078125 0.071875 0.2078125
0 0.11328125 0.18125 0.15078125 0.18125 0.15078125 0.20625 0.11328125 0.20625
0 0.15234375 0.18125 0.18671875 0.18125 0.18671875 0.20625 0.15234375 0.20625
0 0.1890625 0.18046875 0.2296875 0.18046875 0.2296875 0.20546875 0.1890625 0.20546875
0 0.23203125 0.1796875 0.27265625 0.1796875 0.27265625 0.2046875 0.23203125 0.2046875
0 0.27578125 0.18125 0.31796875 0.18125 0.31796875 0.2046875 0.27578125 0.2046875
0 0.31953125 0.18125 0.35078125 0.18125 0.35078125 0.203125 0.31953125 0.203125
0 0.35234375 0.18125 0.39765625 0.18125 0.39765625 0.203125 0.35234375 0.203125
0 0.3921875 0.18046875 0.4421875 0.18046875 0.4421875 0.20703125 0.3921875 0.20703125
0 0.4421875 0.18203125 0.478125 0.18203125 0.478125 0.20546875 0.4421875 0.20546875
0 0.47890625 0.18125 0.51484375 0.18125 0.51484375 0.20625 0.47890625 0.20625
0 0.51953125 0.18203125 0.56640625 0.18203125 0.56640625 0.20390625 0.51953125 0.20390625
0 0.56640625 0.18203125 0.59296875 0.18203125 0.59296875 0.20390625 0.56640625 0.20390625
0 0.5984375 0.18203125 0.6453125 0.18203125 0.6453125 0.20546875 0.5984375 0.20546875
0 0.646875 0.18359375 0.6828125 0.18359375 0.6828125 0.20859375 0.646875 0.20859375
0 0.6875 0.184375 0.7234375 0.184375 0.7234375 0.209375 0.6875 0.209375
0 0.725 0.18515625 0.75625 0.18515625 0.75625 0.21171875 0.725 0.21171875
0 0.75859375 0.184375 0.79921875 0.184375 0.79921875 0.2125 0.75859375 0.2125
0 0.80234375 0.1859375 0.83828125 0.1859375 0.83828125 0.215625 0.80234375 0.215625
0 0.84140625 0.1890625 0.87734375 0.1890625 0.87734375 0.215625 0.84140625 0.215625
0 0.87890625 0.1875 0.92109375 0.1875 0.92109375 0.21875 0.87890625 0.21875
0 0.92421875 0.1890625 0.96171875 0.1890625 0.96171875 0.21875 0.92421875 0.21875
0 0.96328125 0.1890625 0.99921875 0.1890625 0.99921875 0.221875 0.96328125 0.221875
0 0.00234375 0.20703125 0.03359375 0.20703125 0.03359375 0.23046875 0.00234375 0.23046875
0 0.0328125 0.20625 0.06875 0.20625 0.06875 0.2359375 0.0328125 0.2359375
0 0.0703125 0.2078125 0.1109375 0.2078125 0.1109375 0.2328125 0.0703125 0.2328125
0 0.11328125 0.20859375 0.14921875 0.20859375 0.14921875 0.23515625 0.11328125 0.23515625
0 0.14921875 0.2078125 0.18515625 0.2078125 0.18515625 0.2328125 0.14921875 0.2328125
0 0.1875 0.20625 0.23125 0.20625 0.23125 0.234375 0.1875 0.234375
0 0.234375 0.20703125 0.265625 0.20703125 0.265625 0.23203125 0.234375 0.23203125
0 0.27109375 0.20625 0.31171875 0.20625 0.31171875 0.2375 0.27109375 0.2375
0 0.31484375 0.209375 0.35078125 0.209375 0.35078125 0.234375 0.31484375 0.234375
0 0.353125 0.2078125 0.3890625 0.2078125 0.3890625 0.2375 0.353125 0.2375
0 0.390625 0.2078125 0.4359375 0.2078125 0.4359375 0.234375 0.390625 0.234375
0 0.4375 0.209375 0.4734375 0.209375 0.4734375 0.2375 0.4375 0.2375
0 0.475 0.20859375 0.521875 0.20859375 0.521875 0.23828125 0.475 0.23828125
0 0.52578125 0.20859375 0.55859375 0.20859375 0.55859375 0.23828125 0.52578125 0.23828125
0 0.56015625 0.20859375 0.60703125 0.20859375 0.60703125 0.23828125 0.56015625 0.23828125
0 0.60703125 0.20859375 0.64609375 0.20859375 0.64609375 0.24140625 0.60703125 0.24140625
0 0.6484375 0.21015625 0.6859375 0.21015625 0.6859375 0.24140625 0.6484375 0.24140625
0 0.68828125 0.2109375 0.72421875 0.2109375 0.72421875 0.24375 0.68828125 0.24375
0 0.72421875 0.21171875 0.76171875 0.21171875 0.76171875 0.24140625 0.72421875 0.24140625
0 0.76796875 0.2125 0.79609375 0.2125 0.79609375 0.240625 0.76796875 0.240625
0 0.79921875 0.2171875 0.84140625 0.2171875 0.84140625 0.2421875 0.79921875 0.2421875
0 0.84375 0.21796875 0.8765625 0.21796875 0.8765625 0.24453125 0.84375 0.24453125
0 0.8796875 0.2203125 0.91875 0.2203125 0.91875 0.2421875 0.8796875 0.2421875
0 0.92265625 0.2203125 0.95859375 0.2203125 0.95859375 0.2453125 0.92265625 0.2453125
0 0.9625 0.22421875 1 0.22421875 1 0.24296875 0.9625 0.24296875
0 0.00078125 0.23203125 0.03046875 0.23203125 0.03046875 0.26328125 0.00078125 0.26328125
0 0.0328125 0.2375 0.06875 0.2375 0.06875 0.2625 0.0328125 0.2625
0 0.0703125 0.234375 0.109375 0.234375 0.109375 0.2640625 0.0703125 0.2640625
0 0.1109375 0.23515625 0.146875 0.23515625 0.146875 0.26484375 0.1109375 0.26484375
0 0.1515625 0.23515625 0.1890625 0.23515625 0.1890625 0.26640625 0.1515625 0.26640625
0 0.190625 0.2359375 0.228125 0.2359375 0.228125 0.2640625 0.190625 0.2640625
0 0.2328125 0.23515625 0.26875 0.23515625 0.26875 0.26484375 0.2328125 0.26484375
0 0.26953125 0.2390625 0.31640625 0.2390625 0.31640625 0.2640625 0.26953125 0.2640625
0 0.31875 0.23828125 0.353125 0.23828125 0.353125 0.26328125 0.31875 0.26328125
0 0.3546875 0.2390625 0.390625 0.2390625 0.390625 0.2640625 0.3546875 0.2640625
0 0.39375 0.2375 0.4328125 0.2375 0.4328125 0.2671875 0.39375 0.2671875
0 0.43515625 0.23828125 0.47734375 0.23828125 0.47734375 0.26640625 0.43515625 0.26640625
0 0.48125 0.23828125 0.5203125 0.23828125 0.5203125 0.26796875 0.48125 0.26796875
0 0.52265625 0.23984375 0.56328125 0.23984375 0.56328125 0.26953125 0.52265625 0.26953125
0 0.5671875 0.2375 0.603125 0.2375 0.603125 0.2703125 0.5671875 0.2703125
0 0.6046875 0.24140625 0.6515625 0.24140625 0.6515625 0.27109375 0.6046875 0.27109375
0 0.6515625 0.24296875 0.6859375 0.24296875 0.6859375 0.27421875 0.6515625 0.27421875
0 0.68828125 0.2453125 0.72421875 0.2453125 0.72421875 0.2734375 0.68828125 0.2734375
0 0.72578125 0.24375 0.76015625 0.24375 0.76015625 0.275 0.72578125 0.275
0 0.76328125 0.2421875 0.80234375 0.2421875 0.80234375 0.271875 0.76328125 0.271875
0 0.803125 0.24453125 0.8390625 0.24453125 0.8390625 0.27265625 0.803125 0.27265625
0 0.83984375 0.246875 0.87734375 0.246875 0.87734375 0.271875 0.83984375 0.271875
0 0.87890625 0.24453125 0.91484375 0.24453125 0.91484375 0.27421875 0.87890625 0.27421875
0 0.91640625 0.2453125 0.96328125 0.2453125 0.96328125 0.2734375 0.91640625 0.2734375
0 0.9640625 0.2453125 1 0.2453125 1 0.2765625 0.9640625 0.2765625
0 0.00078125 0.2640625 0.03203125 0.2640625 0.03203125 0.29375 0.00078125 0.29375
0 0.03359375 0.2625 0.06953125 0.2625 0.06953125 0.29375 0.03359375 0.29375
0 0.07109375 0.2640625 0.11015625 0.2640625 0.11015625 0.2921875 0.07109375 0.2921875
0 0.1109375 0.26484375 0.15 0.26484375 0.15 0.29453125 0.1109375 0.29453125
0 0.15078125 0.2671875 0.18984375 0.2671875 0.18984375 0.2921875 0.15078125 0.2921875
0 0.19453125 0.26640625 0.23046875 0.26640625 0.23046875 0.29453125 0.19453125 0.29453125
0 0.23046875 0.2671875 0.27109375 0.2671875 0.27109375 0.2921875 0.23046875 0.2921875
0 0.2734375 0.26640625 0.3109375 0.26640625 0.3109375 0.29140625 0.2734375 0.29140625
0 0.31484375 0.26484375 0.35390625 0.26484375 0.35390625 0.29296875 0.31484375 0.29296875
0 0.35390625 0.265625 0.39453125 0.265625 0.39453125 0.29375 0.35390625 0.29375
0 0.39609375 0.26796875 0.43515625 0.26796875 0.43515625 0.29296875 0.39609375 0.29296875
0 0.4359375 0.26875 0.4734375 0.26875 0.4734375 0.2953125 0.4359375 0.2953125
0 0.47421875 0.2671875 0.51953125 0.2671875 0.51953125 0.2953125 0.47421875 0.2953125
0 0.52265625 0.27109375 0.55859375 0.27109375 0.55859375 0.29609375 0.52265625 0.29609375
0 0.5640625 0.271875 0.6 0.271875 0.6 0.2953125 0.5640625 0.2953125
0 0.6015625 0.271875 0.6421875 0.271875 0.6421875 0.2953125 0.6015625 0.2953125
0 0.6453125 0.2734375 0.6796875 0.2734375 0.6796875 0.296875 0.6453125 0.296875
0 0.6828125 0.2734375 0.71875 0.2734375 0.71875 0.3015625 0.6828125 0.3015625
0 0.71953125 0.275 0.75859375 0.275 0.75859375 0.3 0.71953125 0.3
0 0.76328125 0.27421875 0.80078125 0.27421875 0.80078125 0.30078125 0.76328125 0.30078125
0 0.8015625 0.27421875 0.840625 0.27421875 0.840625 0.29921875 0.8015625 0.29921875
0 0.84140625 0.27265625 0.87734375 0.27265625 0.87734375 0.29921875 0.84140625 0.29921875
0 0.87890625 0.27421875 0.91484375 0.27421875 0.91484375 0.29921875 0.87890625 0.29921875
0 0.91640625 0.27578125 0.95703125 0.27578125 0.95703125 0.30390625 0.91640625 0.30390625
0 0.959375 0.2765625 1 0.2765625 1 0.3015625 0.959375 0.3015625
0 0.0015625 0.29609375 0.034375 0.29609375 0.034375 0.32265625 0.0015625 0.32265625
0 0.0359375 0.296875 0.071875 0.296875 0.071875 0.3265625 0.0359375 0.3265625
0 0.07578125 0.29453125 0.11171875 0.29453125 0.11171875 0.32421875 0.07578125 0.32421875
0 0.11328125 0.29453125 0.15078125 0.29453125 0.15078125 0.32109375 0.11328125 0.32109375
0 0.153125 0.29453125 0.1890625 0.29453125 0.1890625 0.32109375 0.153125 0.32109375
0 0.19140625 0.29296875 0.23203125 0.29296875 0.23203125 0.32109375 0.19140625 0.32109375
0 0.23359375 0.29296875 0.26953125 0.29296875 0.26953125 0.32265625 0.23359375 0.32265625
0 0.27265625 0.2921875 0.31484375 0.2921875 0.31484375 0.3203125 0.27265625 0.3203125
0 0.3171875 0.29296875 0.35 0.29296875 0.35 0.32109375 0.3171875 0.32109375
0 0.3515625 0.29453125 0.39375 0.29453125 0.39375 0.31953125 0.3515625 0.31953125
0 0.3953125 0.29453125 0.434375 0.29453125 0.434375 0.32265625 0.3953125 0.32265625
0 0.4359375 0.29609375 0.478125 0.29609375 0.478125 0.32265625 0.4359375 0.32265625
0 0.48046875 0.29765625 0.51796875 0.29765625 0.51796875 0.32421875 0.48046875 0.32421875
0 0.5203125 0.2984375 0.5625 0.2984375 0.5625 0.325 0.5203125 0.325
0 0.565625 0.2984375 0.6015625 0.2984375 0.6015625 0.3265625 0.565625 0.3265625
0 0.60234375 0.2984375 0.64765625 0.2984375 0.64765625 0.3265625 0.60234375 0.3265625
0 0.64921875 0.29921875 0.68046875 0.29921875 0.68046875 0.32421875 0.64921875 0.32421875
0 0.684375 0.303125 0.721875 0.303125 0.721875 0.3265625 0.684375 0.3265625
0 0.725 0.30234375 0.759375 0.30234375 0.759375 0.32734375 0.725 0.32734375
0 0.7625 0.303125 0.803125 0.303125 0.803125 0.3265625 0.7625 0.3265625
0 0.803125 0.3 0.8390625 0.3 0.8390625 0.3265625 0.803125 0.3265625
0 0.83984375 0.3 0.87890625 0.3 0.87890625 0.328125 0.83984375 0.328125
0 0.88046875 0.30078125 0.91484375 0.30078125 0.91484375 0.33046875 0.88046875 0.33046875
0 0.91796875 0.3046875 0.95859375 0.3046875 0.95859375 0.328125 0.91796875 0.328125
0 0.9625 0.3046875 1 0.3046875 1 0.328125 0.9625 0.328125
0 0 0.321875 0.0359375 0.321875 0.0359375 0.35 0 0.35
0 0.0390625 0.328125 0.0703125 0.328125 0.0703125 0.35 0.0390625 0.35
0 0.07109375 0.32890625 0.10859375 0.32890625 0.10859375 0.35078125 0.07109375 0.35078125
0 0.1125 0.32578125 0.15 0.32578125 0.15 0.35078125 0.1125 0.35078125
0 0.15078125 0.3234375 0.18828125 0.3234375 0.18828125 0.3484375 0.15078125 0.3484375
0 0.18984375 0.32421875 0.23046875 0.32421875 0.23046875 0.34921875 0.18984375 0.34921875
0 0.23046875 0.32265625 0.27109375 0.32265625 0.27109375 0.34921875 0.23046875 0.34921875
0 0.27265625 0.32265625 0.31640625 0.32265625 0.31640625 0.35078125 0.27265625 0.35078125
0 0.31953125 0.32265625 0.35078125 0.32265625 0.35078125 0.35078125 0.31953125 0.35078125
0 0.35234375 0.321875 0.38828125 0.321875 0.38828125 0.3515625 0.35234375 0.3515625
0 0.38984375 0.32265625 0.43828125 0.32265625 0.43828125 0.35078125 0.38984375 0.35078125
0 0.43828125 0.32421875 0.47265625 0.32421875 0.47265625 0.35078125 0.43828125 0.35078125
0 0.4734375 0.32578125 0.5171875 0.32578125 0.5171875 0.35078125 0.4734375 0.35078125
0 0.51953125 0.32578125 0.56640625 0.32578125 0.56640625 0.35390625 0.51953125 0.35390625
0 0.56640625 0.328125 0.60234375 0.328125 0.60234375 0.353125 0.56640625 0.353125
0 0.6046875 0.328125 0.64375 0.328125 0.64375 0.3515625 0.6046875 0.3515625
0 0.6453125 0.32734375 0.684375 0.32734375 0.684375 0.35390625 0.6453125 0.35390625
0 0.68515625 0.32890625 0.72109375 0.32890625 0.72109375 0.35390625 0.68515625 0.35390625
0 0.721875 0.32890625 0.765625 0.32890625 0.765625 0.35390625 0.721875 0.35390625
0 0.76796875 0.32890625 0.80234375 0.32890625 0.80234375 0.35703125 0.76796875 0.35703125
0 0.8015625 0.3265625 0.8375 0.3265625 0.8375 0.3546875 0.8015625 0.3546875
0 0.8421875 0.3296875 0.8796875 0.3296875 0.8796875 0.3578125 0.8421875 0.3578125
0 0.8796875 0.33046875 0.9171875 0.33046875 0.9171875 0.35703125 0.8796875 0.35703125
0 0.91953125 0.33125 0.96171875 0.33125 0.96171875 0.3578125 0.91953125 0.3578125
0 0.9609375 0.3296875 1 0.3296875 1 0.35625 0.9609375 0.35625
0 0.00234375 0.35234375 0.03671875 0.35234375 0.03671875 0.37421875 0.00234375 0.37421875
0 0.0375 0.353125 0.0765625 0.353125 0.0765625 0.3765625 0.0375 0.3765625
0 0.07734375 0.35390625 0.10859375 0.35390625 0.10859375 0.37890625 0.07734375 0.37890625
0 0.11015625 0.35078125 0.15390625 0.35078125 0.15390625 0.37890625 0.11015625 0.37890625
0 0.15234375 0.34921875 0.18828125 0.34921875 0.18828125 0.37890625 0.15234375 0.37890625
0 0.1890625 0.35078125 0.2296875 0.35078125 0.2296875 0.37890625 0.1890625 0.37890625
0 0.23125 0.3515625 0.2703125 0.3515625 0.2703125 0.3796875 0.23125 0.3796875
0 0.271875 0.353125 0.315625 0.353125 0.315625 0.378125 0.271875 0.378125
0 0.31875 0.35234375 0.353125 0.35234375 0.353125 0.38046875 0.31875 0.38046875
0 0.3546875 0.3546875 0.3953125 0.3546875 0.3953125 0.3828125 0.3546875 0.3828125
0 0.39921875 0.353125 0.43671875 0.353125 0.43671875 0.38125 0.39921875 0.38125
0 0.43671875 0.35234375 0.47734375 0.35234375 0.47734375 0.38203125 0.43671875 0.38203125
0 0.4796875 0.35234375 0.515625 0.35234375 0.515625 0.38046875 0.4796875 0.38046875
0 0.51796875 0.35390625 0.56171875 0.35390625 0.56171875 0.38203125 0.51796875 0.38203125
0 0.56640625 0.35234375 0.60234375 0.35234375 0.60234375 0.37890625 0.56640625 0.37890625
0 0.603125 0.35234375 0.64375 0.35234375 0.64375 0.38046875 0.603125 0.38046875
0 0.64453125 0.3546875 0.67734375 0.3546875 0.67734375 0.38125 0.64453125 0.38125
0 0.6796875 0.35703125 0.728125 0.35703125 0.728125 0.38046875 0.6796875 0.38046875
0 0.73046875 0.35703125 0.75859375 0.35703125 0.75859375 0.38203125 0.73046875 0.38203125
0 0.7625 0.35859375 0.8046875 0.35859375 0.8046875 0.38046875 0.7625 0.38046875
0 0.80703125 0.3578125 0.83984375 0.3578125 0.83984375 0.3828125 0.80703125 0.3828125
0 0.840625 0.3578125 0.8796875 0.3578125 0.8796875 0.38125 0.840625 0.38125
0 0.8796875 0.359375 0.9140625 0.359375 0.9140625 0.38125 0.8796875 0.38125
0 0.915625 0.36015625 0.9671875 0.36015625 0.9671875 0.37890625 0.915625 0.37890625
0 0.965625 0.3578125 1 0.3578125 1 0.378125 0.965625 0.378125
0 0 0.378125 0.0375 0.378125 0.0375 0.403125 0 0.403125
0 0.040625 0.378125 0.06875 0.378125 0.06875 0.4078125 0.040625 0.4078125
0 0.0734375 0.38046875 0.1125 0.38046875 0.1125 0.40390625 0.0734375 0.40390625
0 0.11171875 0.38046875 0.15390625 0.38046875 0.15390625 0.40390625 0.11171875 0.40390625
0 0.1515625 0.38125 0.1828125 0.38125 0.1828125 0.4046875 0.1515625 0.4046875
0 0.1859375 0.3796875 0.225 0.3796875 0.225 0.40625 0.1859375 0.40625
0 0.228125 0.38046875 0.2765625 0.38046875 0.2765625 0.40390625 0.228125 0.40390625
0 0.27890625 0.3796875 0.31796875 0.3796875 0.31796875 0.40625 0.27890625 0.40625
0 0.31953125 0.38203125 0.36015625 0.38203125 0.36015625 0.40859375 0.31953125 0.40859375
0 0.3625 0.38359375 0.3953125 0.38359375 0.3953125 0.40859375 0.3625 0.40859375
0 0.3984375 0.38125 0.434375 0.38125 0.434375 0.4078125 0.3984375 0.4078125
0 0.434375 0.38125 0.46875 0.38125 0.46875 0.4078125 0.434375 0.4078125
0 0.4703125 0.38203125 0.5203125 0.38203125 0.5203125 0.40546875 0.4703125 0.40546875
0 0.5203125 0.3828125 0.55625 0.3828125 0.55625 0.40625 0.5203125 0.40625
0 0.559375 0.3828125 0.6046875 0.3828125 0.6046875 0.4046875 0.559375 0.4046875
0 0.6078125 0.38203125 0.64375 0.38203125 0.64375 0.40703125 0.6078125 0.40703125
0 0.6453125 0.38125 0.6890625 0.38125 0.6890625 0.40625 0.6453125 0.40625
0 0.68984375 0.3796875 0.69140625 0.3796875 0.69140625 0.3796875 0.68984375 0.3796875
0 0.6921875 0.3796875 0.725 0.3796875 0.725 0.4078125 0.6921875 0.4078125
0 0.72890625 0.38359375 0.76328125 0.38359375 0.76328125 0.40703125 0.72890625 0.40703125
0 0.76484375 0.38203125 0.79921875 0.38203125 0.79921875 0.40703125 0.76484375 0.40703125
0 0.80234375 0.384375 0.84296875 0.384375 0.84296875 0.40625 0.80234375 0.40625
0 0.8453125 0.384375 0.88125 0.384375 0.88125 0.4109375 0.8453125 0.4109375
0 0.88359375 0.38515625 0.91953125 0.38515625 0.91953125 0.41171875 0.88359375 0.41171875
0 0.92109375 0.38203125 0.96484375 0.38203125 0.96484375 0.41328125 0.92109375 0.41328125
0 0.9671875 0.378125 1 0.378125 1 0.4109375 0.9671875 0.4109375
0 0 0.40234375 0.028125 0.40234375 0.028125 0.42890625 0 0.42890625
0 0.034375 0.4046875 0.0765625 0.4046875 0.0765625 0.43125 0.034375 0.43125
0 0.07890625 0.40625 0.10703125 0.40625 0.10703125 0.4296875 0.07890625 0.4296875
0 0.109375 0.40625 0.153125 0.40625 0.153125 0.43125 0.109375 0.43125
0 0.1546875 0.40703125 0.1890625 0.40703125 0.1890625 0.43203125 0.1546875 0.43203125
0 0.19140625 0.40703125 0.23203125 0.40703125 0.23203125 0.42890625 0.19140625 0.42890625
0 0.23515625 0.40546875 0.26953125 0.40546875 0.26953125 0.43359375 0.23515625 0.43359375
0 0.2734375 0.40625 0.3203125 0.40625 0.3203125 0.4328125 0.2734375 0.4328125
0 0.321875 0.409375 0.3546875 0.409375 0.3546875 0.4375 0.321875 0.4375
0 0.35703125 0.41015625 0.39609375 0.41015625 0.39609375 0.43515625 0.35703125 0.43515625
0 0.3984375 0.40859375 0.4328125 0.40859375 0.4328125 0.43515625 0.3984375 0.43515625
0 0.4359375 0.4078125 0.4765625 0.4078125 0.4765625 0.4328125 0.4359375 0.4328125
0 0.478125 0.4078125 0.5125 0.4078125 0.5125 0.434375 0.478125 0.434375
0 0.515625 0.40859375 0.5640625 0.40859375 0.5640625 0.43515625 0.515625 0.43515625
0 0.5625 0.40625 0.596875 0.40625 0.596875 0.4359375 0.5625 0.4359375
0 0.5984375 0.40625 0.6484375 0.40625 0.6484375 0.4359375 0.5984375 0.4359375
0 0.6484375 0.40703125 0.6828125 0.40703125 0.6828125 0.43515625 0.6484375 0.43515625
0 0.6859375 0.40859375 0.7296875 0.40859375 0.7296875 0.43203125 0.6859375 0.43203125
0 0.73125 0.409375 0.7578125 0.409375 0.7578125 0.4328125 0.73125 0.4328125
0 0.759375 0.409375 0.8046875 0.409375 0.8046875 0.434375 0.759375 0.434375
0 0.80546875 0.40859375 0.84453125 0.40859375 0.84453125 0.43671875 0.80546875 0.43671875
0 0.846875 0.4125 0.88125 0.4125 0.88125 0.434375 0.846875 0.434375
0 0.88515625 0.41328125 0.91484375 0.41328125 0.91484375 0.43515625 0.88515625 0.43515625
0 0.915625 0.41328125 0.9625 0.41328125 0.9625 0.43359375 0.915625 0.43359375
0 0.96484375 0.4125 0.99765625 0.4125 0.99765625 0.434375 0.96484375 0.434375
0 0 0.43125 0.034375 0.43125 0.034375 0.45625 0 0.45625
0 0.03671875 0.4328125 0.07109375 0.4328125 0.07109375 0.45625 0.03671875 0.45625
0 0.07421875 0.4328125 0.11484375 0.4328125 0.11484375 0.4546875 0.07421875 0.4546875
0 0.11484375 0.4328125 0.15078125 0.4328125 0.15078125 0.4578125 0.11484375 0.4578125
0 0.153125 0.4328125 0.190625 0.4328125 0.190625 0.4578125 0.153125 0.4578125
0 0.19140625 0.43046875 0.23203125 0.43046875 0.23203125 0.46015625 0.19140625 0.46015625
0 0.23359375 0.434375 0.26953125 0.434375 0.26953125 0.459375 0.23359375 0.459375
0 0.27109375 0.434375 0.31484375 0.434375 0.31484375 0.4625 0.27109375 0.4625
0 0.31640625 0.434375 0.35546875 0.434375 0.35546875 0.4609375 0.31640625 0.4609375
0 0.35859375 0.4375 0.39296875 0.4375 0.39296875 0.4609375 0.35859375 0.4609375
0 0.39453125 0.4375 0.43828125 0.4375 0.43828125 0.4609375 0.39453125 0.4609375
0 0.43984375 0.4359375 0.47890625 0.4359375 0.47890625 0.4625 0.43984375 0.4625
0 0.47890625 0.43359375 0.52265625 0.43359375 0.52265625 0.46171875 0.47890625 0.46171875
0 0.5265625 0.43671875 0.5625 0.43671875 0.5625 0.46015625 0.5265625 0.46015625
0 0.56640625 0.4359375 0.60234375 0.4359375 0.60234375 0.4609375 0.56640625 0.4609375
0 0.60390625 0.4375 0.64765625 0.4375 0.64765625 0.4625 0.60390625 0.4625
0 0.6484375 0.4375 0.6828125 0.4375 0.6828125 0.4625 0.6484375 0.4625
0 0.6859375 0.4359375 0.7234375 0.4359375 0.7234375 0.4609375 0.6859375 0.4609375
0 0.728125 0.4359375 0.775 0.4359375 0.775 0.4640625 0.728125 0.4640625
0 0.77578125 0.43515625 0.80859375 0.43515625 0.80859375 0.46171875 0.77578125 0.46171875
0 0.81171875 0.43671875 0.84765625 0.43671875 0.84765625 0.46171875 0.81171875 0.46171875
0 0.85 0.43671875 0.8859375 0.43671875 0.8859375 0.46484375 0.85 0.46484375
0 0.88515625 0.43515625 0.91328125 0.43515625 0.91328125 0.46484375 0.88515625 0.46484375
0 0.9171875 0.43515625 0.959375 0.43515625 0.959375 0.46640625 0.9171875 0.46640625
0 0.959375 0.434375 1 0.434375 1 0.465625 0.959375 0.465625
0 0 0.45546875 0.028125 0.45546875 0.028125 0.48515625 0 0.48515625
0 0.03203125 0.45703125 0.07421875 0.45703125 0.07421875 0.48515625 0.03203125 0.48515625
0 0.07421875 0.45546875 0.11015625 0.45546875 0.11015625 0.48515625 0.07421875 0.48515625
0 0.11171875 0.45859375 0.14765625 0.45859375 0.14765625 0.48828125 0.11171875 0.48828125
0 0.15234375 0.4609375 0.18828125 0.4609375 0.18828125 0.4921875 0.15234375 0.4921875
0 0.190625 0.46015625 0.2328125 0.46015625 0.2328125 0.49140625 0.190625 0.49140625
0 0.23359375 0.46171875 0.27265625 0.46171875 0.27265625 0.49453125 0.23359375 0.49453125
0 0.27421875 0.46328125 0.31640625 0.46328125 0.31640625 0.49296875 0.27421875 0.49296875
0 0.3171875 0.4625 0.35 0.4625 0.35 0.49375 0.3171875 0.49375
0 0.35703125 0.4640625 0.39609375 0.4640625 0.39609375 0.4921875 0.35703125 0.4921875
0 0.39921875 0.46171875 0.43046875 0.46171875 0.43046875 0.49296875 0.39921875 0.49296875
0 0.43359375 0.4625 0.48046875 0.4625 0.48046875 0.49375 0.43359375 0.49375
0 0.48046875 0.4625 0.51484375 0.4625 0.51484375 0.4953125 0.48046875 0.4953125
0 0.5171875 0.46328125 0.5609375 0.46328125 0.5609375 0.49453125 0.5171875 0.49453125
0 0.56484375 0.4609375 0.59609375 0.4609375 0.59609375 0.49375 0.56484375 0.49375
0 0.6 0.46484375 0.6453125 0.46484375 0.6453125 0.49140625 0.6 0.49140625
0 0.6421875 0.46328125 0.678125 0.46328125 0.678125 0.49453125 0.6421875 0.49453125
0 0.6828125 0.46171875 0.7265625 0.46171875 0.7265625 0.49296875 0.6828125 0.49296875
0 0.73046875 0.4640625 0.76640625 0.4640625 0.76640625 0.4953125 0.73046875 0.4953125
0 0.7703125 0.46328125 0.809375 0.46328125 0.809375 0.49296875 0.7703125 0.49296875
0 0.8109375 0.46328125 0.846875 0.46328125 0.846875 0.49296875 0.8109375 0.49296875
0 0.84765625 0.4640625 0.88046875 0.4640625 0.88046875 0.4890625 0.84765625 0.4890625
0 0.88359375 0.465625 0.91953125 0.465625 0.91953125 0.4921875 0.88359375 0.4921875
0 0.92265625 0.4671875 0.96171875 0.4671875 0.96171875 0.4921875 0.92265625 0.4921875
0 0.965625 0.4671875 1 0.4671875 1 0.4921875 0.965625 0.4921875
0 0.0015625 0.48515625 0.0296875 0.48515625 0.0296875 0.50859375 0.0015625 0.50859375
0 0.0328125 0.48671875 0.0703125 0.48671875 0.0703125 0.51015625 0.0328125 0.51015625
0 0.071875 0.4859375 0.1078125 0.4859375 0.1078125 0.5140625 0.071875 0.5140625
0 0.1109375 0.48984375 0.146875 0.48984375 0.146875 0.51640625 0.1109375 0.51640625
0 0.14921875 0.49375 0.18671875 0.49375 0.18671875 0.5125 0.14921875 0.5125
0 0.1890625 0.49296875 0.2265625 0.49296875 0.2265625 0.51953125 0.1890625 0.51953125
0 0.23125 0.4953125 0.2703125 0.4953125 0.2703125 0.51875 0.23125 0.51875
0 0.2734375 0.496875 0.30625 0.496875 0.30625 0.51875 0.2734375 0.51875
0 0.3078125 0.4953125 0.3578125 0.4953125 0.3578125 0.51875 0.3078125 0.51875
0 0.3609375 0.49609375 0.39375 0.49609375 0.39375 0.52109375 0.3609375 0.52109375
0 0.39453125 0.4953125 0.43828125 0.4953125 0.43828125 0.51875 0.39453125 0.51875
0 0.4390625 0.4953125 0.4734375 0.4953125 0.4734375 0.5203125 0.4390625 0.5203125
0 0.47734375 0.49609375 0.51796875 0.49609375 0.51796875 0.51953125 0.47734375 0.51953125
0 0.5171875 0.4953125 0.5578125 0.4953125 0.5578125 0.521875 0.5171875 0.521875
0 0.55859375 0.4953125 0.60546875 0.4953125 0.60546875 0.521875 0.55859375 0.521875
0 0.60546875 0.4953125 0.63671875 0.4953125 0.63671875 0.521875 0.60546875 0.521875
0 0.63671875 0.496875 0.68046875 0.496875 0.68046875 0.521875 0.63671875 0.521875
0 0.68515625 0.4953125 0.71640625 0.4953125 0.71640625 0.521875 0.68515625 0.521875
0 0.7203125 0.4953125 0.7671875 0.4953125 0.7671875 0.51875 0.7203125 0.51875
0 0.7703125 0.4953125 0.8015625 0.4953125 0.8015625 0.5234375 0.7703125 0.5234375
0 0.803125 0.49609375 0.846875 0.49609375 0.846875 0.51953125 0.803125 0.51953125
0 0.84453125 0.49375 0.88515625 0.49375 0.88515625 0.5234375 0.84453125 0.5234375
0 0.8875 0.49375 0.9234375 0.49375 0.9234375 0.5234375 0.8875 0.5234375
0 0.925 0.49296875 0.9625 0.49296875 0.9625 0.52421875 0.925 0.52421875
0 0.9640625 0.49296875 1 0.49296875 1 0.52421875 0.9640625 0.52421875
0 0 0.509375 0.028125 0.509375 0.028125 0.5375 0 0.5375
0 0.03203125 0.51015625 0.06953125 0.51015625 0.06953125 0.53828125 0.03203125 0.53828125
0 0.0703125 0.51484375 0.1109375 0.51484375 0.1109375 0.53984375 0.0703125 0.53984375
0 0.11328125 0.51796875 0.14921875 0.51796875 0.14921875 0.53984375 0.11328125 0.53984375
0 0.15234375 0.51484375 0.18359375 0.51484375 0.18359375 0.54296875 0.15234375 0.54296875
0 0.18515625 0.5203125 0.23203125 0.5203125 0.23203125 0.5453125 0.18515625 0.5453125
0 0.23359375 0.521875 0.26640625 0.521875 0.26640625 0.55 0.23359375 0.55
0 0.2671875 0.51875 0.3109375 0.51875 0.3109375 0.5484375 0.2671875 0.5484375
0 0.31328125 0.52109375 0.34921875 0.52109375 0.34921875 0.55078125 0.31328125 0.55078125
0 0.35625 0.5234375 0.3953125 0.5234375 0.3953125 0.55 0.35625 0.55
0 0.39921875 0.521875 0.43203125 0.521875 0.43203125 0.55 0.39921875 0.55
0 0.434375 0.52265625 0.4703125 0.52265625 0.4703125 0.54921875 0.434375 0.54921875
0 0.4765625 0.52109375 0.5203125 0.52109375 0.5203125 0.55078125 0.4765625 0.55078125
0 0.52421875 0.521875 0.56171875 0.521875 0.56171875 0.55 0.52421875 0.55
0 0.5625 0.52421875 0.596875 0.52421875 0.596875 0.55078125 0.5625 0.55078125
0 0.6015625 0.52265625 0.6453125 0.52265625 0.6453125 0.55078125 0.6015625 0.55078125
0 0.64609375 0.52109375 0.68203125 0.52109375 0.68203125 0.55078125 0.64609375 0.55078125
0 0.68203125 0.52265625 0.72421875 0.52265625 0.72421875 0.54921875 0.68203125 0.54921875
0 0.725 0.5203125 0.7625 0.5203125 0.7625 0.55 0.725 0.55
0 0.76640625 0.52109375 0.80234375 0.52109375 0.80234375 0.54921875 0.76640625 0.54921875
0 0.80546875 0.52265625 0.84140625 0.52265625 0.84140625 0.54921875 0.80546875 0.54921875
0 0.84453125 0.52421875 0.88359375 0.52421875 0.88359375 0.54921875 0.84453125 0.54921875
0 0.88671875 0.52421875 0.91796875 0.52421875 0.91796875 0.55078125 0.88671875 0.55078125
0 0.9203125 0.5265625 0.9609375 0.5265625 0.9609375 0.546875 0.9203125 0.546875
0 0.9640625 0.528125 1 0.528125 1 0.5515625 0.9640625 0.5515625
0 0 0.53984375 0.034375 0.53984375 0.034375 0.56484375 0 0.56484375
0 0.03671875 0.53984375 0.06953125 0.53984375 0.06953125 0.57109375 0.03671875 0.57109375
0 0.06953125 0.540625 0.11640625 0.540625 0.11640625 0.5671875 0.06953125 0.5671875
0 0.11796875 0.5421875 0.14609375 0.5421875 0.14609375 0.56875 0.11796875 0.56875
0 0.146875 0.54140625 0.1859375 0.54140625 0.1859375 0.56796875 0.146875 0.56796875
0 0.1875 0.5453125 0.2265625 0.5453125 0.2265625 0.571875 0.1875 0.571875
0 0.23125 0.54765625 0.265625 0.54765625 0.265625 0.57265625 0.23125 0.57265625
0 0.26796875 0.54921875 0.31015625 0.54921875 0.31015625 0.57578125 0.26796875 0.57578125
0 0.31015625 0.5515625 0.35390625 0.5515625 0.35390625 0.5765625 0.31015625 0.5765625
0 0.35546875 0.5515625 0.39140625 0.5515625 0.39140625 0.575 0.35546875 0.575
0 0.39375 0.5515625 0.4328125 0.5515625 0.4328125 0.5765625 0.39375 0.5765625
0 0.43671875 0.5515625 0.47265625 0.5515625 0.47265625 0.5765625 0.43671875 0.5765625
0 0.47109375 0.54921875 0.51953125 0.54921875 0.51953125 0.57578125 0.47109375 0.57578125
0 0.52265625 0.5515625 0.55546875 0.5515625 0.55546875 0.5765625 0.52265625 0.5765625
0 0.559375 0.5515625 0.603125 0.5515625 0.603125 0.575 0.559375 0.575
0 0.60859375 0.553125 0.64453125 0.553125 0.64453125 0.575 0.60859375 0.575
0 0.646875 0.5515625 0.6828125 0.5515625 0.6828125 0.5765625 0.646875 0.5765625
0 0.6859375 0.5515625 0.7234375 0.5515625 0.7234375 0.578125 0.6859375 0.578125
0 0.728125 0.55 0.7671875 0.55 0.7671875 0.578125 0.728125 0.578125
0 0.76796875 0.55078125 0.80078125 0.55078125 0.80078125 0.57890625 0.76796875 0.57890625
0 0.80234375 0.55 0.84765625 0.55 0.84765625 0.578125 0.80234375 0.578125
0 0.85 0.55 0.8828125 0.55 0.8828125 0.578125 0.85 0.578125
0 0.8859375 0.55078125 0.921875 0.55078125 0.921875 0.57890625 0.8859375 0.57890625
0 0.925 0.55078125 0.96875 0.55078125 0.96875 0.57578125 0.925 0.57578125
0 0.97265625 0.55234375 0.99921875 0.55234375 0.99921875 0.57734375 0.97265625 0.57734375
0 0 0.56953125 0.0296875 0.56953125 0.0296875 0.59609375 0 0.59609375
0 0.03203125 0.57109375 0.07109375 0.57109375 0.07109375 0.59765625 0.03203125 0.59765625
0 0.0734375 0.57109375 0.1125 0.57109375 0.1125 0.60390625 0.0734375 0.60390625
0 0.1140625 0.5703125 0.1515625 0.5703125 0.1515625 0.603125 0.1140625 0.603125
0 0.15078125 0.56953125 0.19140625 0.56953125 0.19140625 0.60390625 0.15078125 0.60390625
0 0.19140625 0.5734375 0.23359375 0.5734375 0.23359375 0.6015625 0.19140625 0.6015625
0 0.2359375 0.5734375 0.265625 0.5734375 0.265625 0.6078125 0.2359375 0.6078125
0 0.26875 0.5765625 0.3140625 0.5765625 0.3140625 0.6046875 0.26875 0.6046875
0 0.315625 0.578125 0.353125 0.578125 0.353125 0.6046875 0.315625 0.6046875
0 0.3546875 0.57734375 0.39375 0.57734375 0.39375 0.60546875 0.3546875 0.60546875
0 0.39375 0.578125 0.434375 0.578125 0.434375 0.60625 0.39375 0.60625
0 0.43671875 0.57890625 0.48046875 0.57890625 0.48046875 0.60703125 0.43671875 0.60703125
0 0.48203125 0.57734375 0.52109375 0.57734375 0.52109375 0.60859375 0.48203125 0.60859375
0 0.52109375 0.578125 0.56640625 0.578125 0.56640625 0.60625 0.52109375 0.60625
0 0.56875 0.578125 0.5890625 0.578125 0.5890625 0.60625 0.56875 0.60625
0 0.59453125 0.575 0.64609375 0.575 0.64609375 0.60625 0.59453125 0.60625
0 0.64609375 0.578125 0.68203125 0.578125 0.68203125 0.6078125 0.64609375 0.6078125
0 0.68515625 0.57734375 0.72734375 0.57734375 0.72734375 0.60859375 0.68515625 0.60859375
0 0.72734375 0.57890625 0.75859375 0.57890625 0.75859375 0.60703125 0.72734375 0.60703125
0 0.76015625 0.57890625 0.80546875 0.57890625 0.80546875 0.60703125 0.76015625 0.60703125
0 0.80703125 0.57890625 0.84765625 0.57890625 0.84765625 0.60703125 0.80703125 0.60703125
0 0.84921875 0.58046875 0.88515625 0.58046875 0.88515625 0.60703125 0.84921875 0.60703125
0 0.88515625 0.58046875 0.91953125 0.58046875 0.91953125 0.60859375 0.88515625 0.60859375
0 0.92421875 0.5796875 0.96171875 0.5796875 0.96171875 0.6078125 0.92421875 0.6078125
0 0.9625 0.57890625 1 0.57890625 1 0.61015625 0.9625 0.61015625
0 0.0015625 0.5984375 0.03125 0.5984375 0.03125 0.63125 0.0015625 0.63125
0 0.03359375 0.6 0.06328125 0.6 0.06328125 0.63125 0.03359375 0.63125
0 0.06796875 0.60234375 0.11171875 0.60234375 0.11171875 0.62890625 0.06796875 0.62890625
0 0.11484375 0.60390625 0.14765625 0.60390625 0.14765625 0.63203125 0.11484375 0.63203125
0 0.1484375 0.60390625 0.1921875 0.60390625 0.1921875 0.63046875 0.1484375 0.63046875
0 0.19375 0.60390625 0.2328125 0.60390625 0.2328125 0.63203125 0.19375 0.63203125
0 0.23359375 0.60859375 0.27109375 0.60859375 0.27109375 0.63203125 0.23359375 0.63203125
0 0.27109375 0.60625 0.31015625 0.60625 0.31015625 0.634375 0.27109375 0.634375
0 0.3125 0.60859375 0.3578125 0.60859375 0.3578125 0.63359375 0.3125 0.63359375
0 0.36015625 0.6078125 0.39609375 0.6078125 0.39609375 0.63125 0.36015625 0.63125
0 0.39609375 0.6078125 0.43828125 0.6078125 0.43828125 0.63125 0.39609375 0.63125
0 0.43984375 0.61015625 0.47109375 0.61015625 0.47109375 0.63359375 0.43984375 0.63359375
0 0.475 0.609375 0.521875 0.609375 0.521875 0.634375 0.475 0.634375
0 0.52265625 0.60859375 0.56328125 0.60859375 0.56328125 0.63046875 0.52265625 0.63046875
0 0.56640625 0.60859375 0.60234375 0.60859375 0.60234375 0.62890625 0.56640625 0.62890625
0 0.603125 0.60625 0.6421875 0.60625 0.6421875 0.6296875 0.603125 0.6296875
0 0.64609375 0.6078125 0.68203125 0.6078125 0.68203125 0.63125 0.64609375 0.63125
0 0.684375 0.61015625 0.725 0.61015625 0.725 0.63359375 0.684375 0.63359375
0 0.72734375 0.60859375 0.76015625 0.60859375 0.76015625 0.63359375 0.72734375 0.63359375
0 0.7609375 0.6078125 0.803125 0.6078125 0.803125 0.634375 0.7609375 0.634375
0 0.8046875 0.6078125 0.8484375 0.6078125 0.8484375 0.6359375 0.8046875 0.6359375
0 0.85 0.60703125 0.8859375 0.60703125 0.8859375 0.63828125 0.85 0.63828125
0 0.88984375 0.60859375 0.91796875 0.60859375 0.91796875 0.63671875 0.88984375 0.63671875
0 0.9203125 0.60703125 0.959375 0.60703125 0.959375 0.63515625 0.9203125 0.63515625
0 0.96171875 0.61171875 0.99921875 0.61171875 0.99921875 0.63515625 0.96171875 0.63515625
0 0 0.6328125 0.0296875 0.6328125 0.0296875 0.6625 0 0.6625
0 0 0.6640625 0.0375 0.6640625 0.0375 0.684375 0 0.684375
0 0.00234375 0.68515625 0.02890625 0.68515625 0.02890625 0.71640625 0.00234375 0.71640625
0 0 0.71640625 0.0375 0.71640625 0.0375 0.74453125 0 0.74453125
0 0 0.7453125 0.0296875 0.7453125 0.0296875 0.7828125 0 0.7828125
0 0.0015625 0.784375 0.034375 0.784375 0.034375 0.8046875 0.0015625 0.8046875
0 0 0.80859375 0.0328125 0.80859375 0.0328125 0.83828125 0 0.83828125
0 0.00078125 0.840625 0.03515625 0.840625 0.03515625 0.8625 0.00078125 0.8625
0 0.0015625 0.8640625 0.0375 0.8640625 0.0375 0.896875 0.0015625 0.896875
0 0.0015625 0.89921875 0.040625 0.89921875 0.040625 0.92421875 0.0015625 0.92421875
0 0.0015625 0.92578125 0.0359375 0.92578125 0.0359375 0.95546875 0.0015625 0.95546875
0 0.0015625 0.95625 0.0390625 0.95625 0.0390625 0.9796875 0.0015625 0.9796875
0 0 0.9796875 0.034375 0.9796875 0.034375 0.9984375 0 0.9984375
0 0.03359375 0.63046875 0.06953125 0.63046875 0.06953125 0.65703125 0.03359375 0.65703125
0 0.0375 0.66015625 0.0703125 0.66015625 0.0703125 0.68359375 0.0375 0.68359375
0 0.03046875 0.6859375 0.06953125 0.6859375 0.06953125 0.7125 0.03046875 0.7125
0 0.0390625 0.71796875 0.0703125 0.71796875 0.0703125 0.74609375 0.0390625 0.74609375
0 0.03359375 0.74765625 0.06640625 0.74765625 0.06640625 0.77890625 0.03359375 0.77890625
0 0.03515625 0.7796875 0.06640625 0.7796875 0.06640625 0.80625 0.03515625 0.80625
0 0.034375 0.80703125 0.0671875 0.80703125 0.0671875 0.83671875 0.034375 0.83671875
0 0.0375 0.83671875 0.06875 0.83671875 0.06875 0.85859375 0.0375 0.85859375
0 0.0390625 0.86171875 0.071875 0.86171875 0.071875 0.89765625 0.0390625 0.89765625
0 0.040625 0.9 0.0703125 0.9 0.0703125 0.928125 0.040625 0.928125
0 0.0375 0.928125 0.0671875 0.928125 0.0671875 0.9546875 0.0375 0.9546875
0 0.03984375 0.95546875 0.06953125 0.95546875 0.06953125 0.98046875 0.03984375 0.98046875
0 0.03671875 0.98046875 0.07734375 0.98046875 0.07734375 0.99921875 0.03671875 0.99921875
0 0.0703125 0.6296875 0.115625 0.6296875 0.115625 0.659375 0.0703125 0.659375
0 0.11328125 0.63203125 0.15390625 0.63203125 0.15390625 0.66015625 0.11328125 0.66015625
0 0.15390625 0.63203125 0.18828125 0.63203125 0.18828125 0.65859375 0.15390625 0.65859375
0 0.1890625 0.6328125 0.2328125 0.6328125 0.2328125 0.6625 0.1890625 0.6625
0 0.23515625 0.63359375 0.26328125 0.63359375 0.26328125 0.66015625 0.23515625 0.66015625
0 0.26640625 0.634375 0.31484375 0.634375 0.31484375 0.6609375 0.26640625 0.6609375
0 0.3171875 0.63515625 0.3484375 0.63515625 0.3484375 0.66171875 0.3171875 0.66171875
0 0.34921875 0.634375 0.39765625 0.634375 0.39765625 0.6625 0.34921875 0.6625
0 0.07265625 0.66015625 0.11328125 0.66015625 0.11328125 0.68359375 0.07265625 0.68359375
0 0.071875 0.68671875 0.1109375 0.68671875 0.1109375 0.71484375 0.071875 0.71484375
0 0.0734375 0.71796875 0.109375 0.71796875 0.109375 0.73984375 0.0734375 0.73984375
0 0.06953125 0.74375 0.10859375 0.74375 0.10859375 0.778125 0.06953125 0.778125
0 0.39921875 0.63359375 0.43671875 0.63359375 0.43671875 0.66171875 0.39921875 0.66171875
0 0.43671875 0.63359375 0.47890625 0.63359375 0.47890625 0.66328125 0.43671875 0.66328125
0 0.48046875 0.634375 0.51484375 0.634375 0.51484375 0.6609375 0.48046875 0.6609375
0 0.51953125 0.634375 0.56015625 0.634375 0.56015625 0.6609375 0.51953125 0.6609375
0 0.56328125 0.6328125 0.60390625 0.6328125 0.60390625 0.659375 0.56328125 0.659375
0 0.6046875 0.6328125 0.6453125 0.6328125 0.6453125 0.659375 0.6046875 0.659375
0 0.65 0.63359375 0.6828125 0.63359375 0.6828125 0.66015625 0.65 0.66015625
0 0.684375 0.63671875 0.7265625 0.63671875 0.7265625 0.66015625 0.684375 0.66015625
0 0.7265625 0.63515625 0.7625 0.63515625 0.7625 0.66015625 0.7265625 0.66015625
0 0.76484375 0.6359375 0.80078125 0.6359375 0.80078125 0.6609375 0.76484375 0.6609375
0 0.80625 0.63671875 0.8421875 0.63671875 0.8421875 0.66328125 0.80625 0.66328125
0 0.8453125 0.6375 0.8875 0.6375 0.8875 0.6625 0.8453125 0.6625
0 0.890625 0.63828125 0.91875 0.63828125 0.91875 0.66328125 0.890625 0.66328125
0 0.92109375 0.6375 0.95703125 0.6375 0.95703125 0.665625 0.92109375 0.665625
0 0.9609375 0.6375 1 0.6375 1 0.6671875 0.9609375 0.6671875
0 0.11328125 0.6609375 0.14921875 0.6609375 0.14921875 0.684375 0.11328125 0.684375
0 0.1515625 0.659375 0.1890625 0.659375 0.1890625 0.684375 0.1515625 0.684375
0 0.190625 0.6625 0.2296875 0.6625 0.2296875 0.6859375 0.190625 0.6859375
0 0.2328125 0.6640625 0.26875 0.6640625 0.26875 0.6875 0.2328125 0.6875
0 0.27109375 0.66328125 0.31484375 0.66328125 0.31484375 0.68828125 0.27109375 0.68828125
0 0.31875 0.665625 0.35625 0.665625 0.35625 0.6890625 0.31875 0.6890625
0 0.3578125 0.6640625 0.3921875 0.6640625 0.3921875 0.690625 0.3578125 0.690625
0 0.39609375 0.6640625 0.43671875 0.6640625 0.43671875 0.6875 0.39609375 0.6875
0 0.440625 0.66484375 0.4734375 0.66484375 0.4734375 0.68828125 0.440625 0.68828125
0 0.47734375 0.66328125 0.52890625 0.66328125 0.52890625 0.68828125 0.47734375 0.68828125
0 0.53125 0.6625 0.559375 0.6625 0.559375 0.6890625 0.53125 0.6890625
0 0.56015625 0.6625 0.60234375 0.6625 0.60234375 0.6859375 0.56015625 0.6859375
0 0.6046875 0.66171875 0.64375 0.66171875 0.64375 0.68984375 0.6046875 0.68984375
0 0.6453125 0.6640625 0.6828125 0.6640625 0.6828125 0.6890625 0.6453125 0.6890625
0 0.684375 0.66171875 0.7234375 0.66171875 0.7234375 0.68984375 0.684375 0.68984375
0 0.725 0.66171875 0.7609375 0.66171875 0.7609375 0.68828125 0.725 0.68828125
0 0.7625 0.6625 0.8 0.6625 0.8 0.6890625 0.7625 0.6890625
0 0.80078125 0.66328125 0.84453125 0.66328125 0.84453125 0.68984375 0.80078125 0.68984375
0 0.84609375 0.66328125 0.88515625 0.66328125 0.88515625 0.69453125 0.84609375 0.69453125
0 0.88671875 0.665625 0.92109375 0.665625 0.92109375 0.690625 0.88671875 0.690625
0 0.921875 0.66484375 0.9578125 0.66484375 0.9578125 0.69296875 0.921875 0.69296875
0 0.959375 0.6703125 1 0.6703125 1 0.6921875 0.959375 0.6921875
0 0.06796875 0.7796875 0.10703125 0.7796875 0.10703125 0.8046875 0.06796875 0.8046875
0 0.0671875 0.80625 0.109375 0.80625 0.109375 0.8375 0.0671875 0.8375
0 0.06875 0.83828125 0.1015625 0.83828125 0.1015625 0.86171875 0.06875 0.86171875
0 0.07421875 0.86328125 0.11015625 0.86328125 0.11015625 0.90078125 0.07421875 0.90078125
0 0.0734375 0.9 0.109375 0.9 0.109375 0.921875 0.0734375 0.921875
0 0.07265625 0.925 0.11171875 0.925 0.11171875 0.9546875 0.07265625 0.9546875
0 0.071875 0.95703125 0.1125 0.95703125 0.1125 0.97890625 0.071875 0.97890625
0 0.07890625 0.98125 0.11015625 0.98125 0.11015625 1 0.07890625 1
0 0.11328125 0.68515625 0.15234375 0.68515625 0.15234375 0.71171875 0.11328125 0.71171875
0 0.11171875 0.71484375 0.15703125 0.71484375 0.15703125 0.74765625 0.11171875 0.74765625
0 0.11171875 0.7484375 0.15078125 0.7484375 0.15078125 0.775 0.11171875 0.775
0 0.109375 0.77890625 0.1546875 0.77890625 0.1546875 0.80703125 0.109375 0.80703125
0 0.1109375 0.80859375 0.153125 0.80859375 0.153125 0.83203125 0.1109375 0.83203125
0 0.109375 0.83515625 0.153125 0.83515625 0.153125 0.86484375 0.109375 0.86484375
0 0.1078125 0.86796875 0.1515625 0.86796875 0.1515625 0.89765625 0.1078125 0.89765625
0 0.11171875 0.896875 0.15390625 0.896875 0.15390625 0.925 0.11171875 0.925
0 0.11484375 0.92734375 0.15078125 0.92734375 0.15078125 0.95078125 0.11484375 0.95078125
0 0.11328125 0.9546875 0.15546875 0.9546875 0.15546875 0.9796875 0.11328125 0.9796875
0 0.1140625 0.98125 0.15 0.98125 0.15 1 0.1140625 1
0 0.1546875 0.68828125 0.1921875 0.68828125 0.1921875 0.71640625 0.1546875 0.71640625
0 0.15625 0.71875 0.1921875 0.71875 0.1921875 0.7453125 0.15625 0.7453125
0 0.15625 0.75078125 0.1890625 0.75078125 0.1890625 0.77890625 0.15625 0.77890625
0 0.1546875 0.78203125 0.190625 0.78203125 0.190625 0.80234375 0.1546875 0.80234375
0 0.15625 0.80546875 0.1890625 0.80546875 0.1890625 0.83203125 0.15625 0.83203125
0 0.1546875 0.83515625 0.190625 0.83515625 0.190625 0.86484375 0.1546875 0.86484375
0 0.1546875 0.86796875 0.196875 0.86796875 0.196875 0.89921875 0.1546875 0.89921875
0 0.15546875 0.90234375 0.19609375 0.90234375 0.19609375 0.92265625 0.15546875 0.92265625
0 0.1515625 0.925 0.1921875 0.925 0.1921875 0.9546875 0.1515625 0.9546875
0 0.15703125 0.95703125 0.19296875 0.95703125 0.19296875 0.97890625 0.15703125 0.97890625
0 0.15234375 0.9796875 0.18828125 0.9796875 0.18828125 1 0.15234375 1
0 0.19453125 0.68828125 0.23359375 0.68828125 0.23359375 0.71640625 0.19453125 0.71640625
0 0.1921875 0.715625 0.2359375 0.715625 0.2359375 0.746875 0.1921875 0.746875
0 0.1921875 0.7484375 0.2375 0.7484375 0.2375 0.7765625 0.1921875 0.7765625
0 0.19296875 0.77890625 0.23359375 0.77890625 0.23359375 0.81015625 0.19296875 0.81015625
0 0.1890625 0.81015625 0.2328125 0.81015625 0.2328125 0.83359375 0.1890625 0.83359375
0 0.19375 0.834375 0.234375 0.834375 0.234375 0.8703125 0.19375 0.8703125
0 0.19921875 0.87109375 0.23515625 0.87109375 0.23515625 0.89609375 0.19921875 0.89609375
0 0.19609375 0.89921875 0.24453125 0.89921875 0.24453125 0.92421875 0.19609375 0.92421875
0 0.19453125 0.9265625 0.23984375 0.9265625 0.23984375 0.9515625 0.19453125 0.9515625
0 0.19296875 0.9546875 0.23828125 0.9546875 0.23828125 0.9796875 0.19296875 0.9796875
0 0.190625 0.9796875 0.2375 0.9796875 0.2375 1 0.190625 1
0 0.23671875 0.68828125 0.27109375 0.68828125 0.27109375 0.71640625 0.23671875 0.71640625
0 0.24140625 0.71953125 0.27109375 0.71953125 0.27109375 0.74296875 0.24140625 0.74296875
0 0.24140625 0.74921875 0.27109375 0.74921875 0.27109375 0.77734375 0.24140625 0.77734375
0 0.2359375 0.78046875 0.2671875 0.78046875 0.2671875 0.80234375 0.2359375 0.80234375
0 0.2359375 0.80703125 0.275 0.80703125 0.275 0.83671875 0.2359375 0.83671875
0 0.23515625 0.83828125 0.27109375 0.83828125 0.27109375 0.86171875 0.23515625 0.86171875
0 0.23671875 0.86484375 0.27578125 0.86484375 0.27578125 0.89765625 0.23671875 0.89765625
0 0.24296875 0.9 0.27578125 0.9 0.27578125 0.9234375 0.24296875 0.9234375
0 0.24140625 0.925 0.27265625 0.925 0.27265625 0.953125 0.24140625 0.953125
0 0.2390625 0.95703125 0.278125 0.95703125 0.278125 0.97734375 0.2390625 0.97734375
0 0.2390625 0.978125 0.275 0.978125 0.275 1 0.2390625 1
0 0.27265625 0.68984375 0.31484375 0.68984375 0.31484375 0.71484375 0.27265625 0.71484375
0 0.27265625 0.7171875 0.31328125 0.7171875 0.31328125 0.7484375 0.27265625 0.7484375
0 0.27421875 0.74921875 0.31171875 0.74921875 0.31171875 0.77734375 0.27421875 0.77734375
0 0.27265625 0.778125 0.31328125 0.778125 0.31328125 0.80625 0.27265625 0.80625
0 0.27578125 0.80859375 0.31484375 0.80859375 0.31484375 0.83671875 0.27578125 0.83671875
0 0.27421875 0.83828125 0.31640625 0.83828125 0.31640625 0.86640625 0.27421875 0.86640625
0 0.27734375 0.8671875 0.31640625 0.8671875 0.31640625 0.8984375 0.27734375 0.8984375
0 0.2734375 0.89921875 0.3171875 0.89921875 0.3171875 0.92421875 0.2734375 0.92421875
0 0.27578125 0.92421875 0.31796875 0.92421875 0.31796875 0.95078125 0.27578125 0.95078125
0 0.2765625 0.9515625 0.3203125 0.9515625 0.3203125 0.9765625 0.2765625 0.9765625
0 0.27890625 0.97734375 0.31796875 0.97734375 0.31796875 0.99921875 0.27890625 0.99921875
0 0.31796875 0.68984375 0.35078125 0.68984375 0.35078125 0.71796875 0.31796875 0.71796875
0 0.3140625 0.71953125 0.3546875 0.71953125 0.3546875 0.74765625 0.3140625 0.74765625
0 0.31484375 0.74921875 0.35234375 0.74921875 0.35234375 0.78046875 0.31484375 0.78046875
0 0.3140625 0.78046875 0.353125 0.78046875 0.353125 0.80859375 0.3140625 0.80859375
0 0.31796875 0.8078125 0.35390625 0.8078125 0.35390625 0.8375 0.31796875 0.8375
0 0.31953125 0.83671875 0.35234375 0.83671875 0.35234375 0.86328125 0.31953125 0.86328125
0 0.31796875 0.86796875 0.35546875 0.86796875 0.35546875 0.89765625 0.31796875 0.89765625
0 0.3171875 0.8984375 0.353125 0.8984375 0.353125 0.9203125 0.3171875 0.9203125
0 0.31953125 0.92109375 0.35546875 0.92109375 0.35546875 0.95234375 0.31953125 0.95234375
0 0.32109375 0.9515625 0.35703125 0.9515625 0.35703125 0.9734375 0.32109375 0.9734375
0 0.32265625 0.9765625 0.36328125 0.9765625 0.36328125 1 0.32265625 1
0 0.3515625 0.6921875 0.396875 0.6921875 0.396875 0.7171875 0.3515625 0.7171875
0 0.3578125 0.7203125 0.3984375 0.7203125 0.3984375 0.7515625 0.3578125 0.7515625
0 0.3546875 0.753125 0.3953125 0.753125 0.3953125 0.7734375 0.3546875 0.7734375
0 0.35234375 0.7765625 0.39453125 0.7765625 0.39453125 0.80625 0.35234375 0.80625
0 0.35546875 0.80703125 0.39296875 0.80703125 0.39296875 0.83515625 0.35546875 0.83515625
0 0.35703125 0.83671875 0.39453125 0.83671875 0.39453125 0.86484375 0.35703125 0.86484375
0 0.3578125 0.8671875 0.4 0.8671875 0.4 0.89375 0.3578125 0.89375
0 0.3546875 0.89609375 0.39375 0.89609375 0.39375 0.92265625 0.3546875 0.92265625
0 0.35859375 0.92265625 0.39765625 0.92265625 0.39765625 0.95078125 0.35859375 0.95078125
0 0.35859375 0.95078125 0.39765625 0.95078125 0.39765625 0.97421875 0.35859375 0.97421875
0 0.3640625 0.9765625 0.4046875 0.9765625 0.4046875 0.9984375 0.3640625 0.9984375
0 0.39765625 0.68984375 0.43515625 0.68984375 0.43515625 0.72109375 0.39765625 0.72109375
0 0.4015625 0.721875 0.4328125 0.721875 0.4328125 0.746875 0.4015625 0.746875
0 0.40078125 0.74921875 0.43671875 0.74921875 0.43671875 0.77890625 0.40078125 0.77890625
0 0.39921875 0.78046875 0.43984375 0.78046875 0.43984375 0.80390625 0.39921875 0.80390625
0 0.39296875 0.80625 0.43515625 0.80625 0.43515625 0.8375 0.39296875 0.8375
0 0.396875 0.83984375 0.4390625 0.83984375 0.4390625 0.86328125 0.396875 0.86328125
0 0.4015625 0.86484375 0.4359375 0.86484375 0.4359375 0.89609375 0.4015625 0.89609375
0 0.39609375 0.89609375 0.43828125 0.89609375 0.43828125 0.91953125 0.39609375 0.91953125
0 0.39765625 0.92265625 0.43984375 0.92265625 0.43984375 0.95390625 0.39765625 0.95390625
0 0.40078125 0.9546875 0.44140625 0.9546875 0.44140625 0.975 0.40078125 0.975
0 0.40234375 0.975 0.44140625 0.975 0.44140625 0.9984375 0.40234375 0.9984375
0 0.43828125 0.690625 0.47578125 0.690625 0.47578125 0.7171875 0.43828125 0.7171875
0 0.48046875 0.690625 0.51796875 0.690625 0.51796875 0.71875 0.48046875 0.71875
0 0.52265625 0.690625 0.56328125 0.690625 0.56328125 0.71875 0.52265625 0.71875
0 0.56328125 0.68828125 0.59921875 0.68828125 0.59921875 0.71796875 0.56328125 0.71796875
0 0.6015625 0.69140625 0.646875 0.69140625 0.646875 0.71640625 0.6015625 0.71640625
0 0.64609375 0.68984375 0.68203125 0.68984375 0.68203125 0.71484375 0.64609375 0.71484375
0 0.67890625 0.69140625 0.72578125 0.69140625 0.72578125 0.71484375 0.67890625 0.71484375
0 0.728125 0.690625 0.7609375 0.690625 0.7609375 0.7171875 0.728125 0.7171875
0 0.7609375 0.690625 0.803125 0.690625 0.803125 0.7171875 0.7609375 0.7171875
0 0.80234375 0.69140625 0.83828125 0.69140625 0.83828125 0.71640625 0.80234375 0.71640625
0 0.84140625 0.6921875 0.88515625 0.6921875 0.88515625 0.7171875 0.84140625 0.7171875
0 0.8875 0.69375 0.915625 0.69375 0.915625 0.7171875 0.8875 0.7171875
0 0.9171875 0.6921875 0.9546875 0.6921875 0.9546875 0.7171875 0.9171875 0.7171875
0 0.959375 0.69375 1 0.69375 1 0.721875 0.959375 0.721875
0 0.4359375 0.7203125 0.4765625 0.7203125 0.4765625 0.7484375 0.4359375 0.7484375
0 0.478125 0.7171875 0.5140625 0.7171875 0.5140625 0.7484375 0.478125 0.7484375
0 0.51796875 0.71953125 0.56171875 0.71953125 0.56171875 0.75078125 0.51796875 0.75078125
0 0.56171875 0.7171875 0.60703125 0.7171875 0.60703125 0.7453125 0.56171875 0.7453125
0 0.60859375 0.715625 0.64453125 0.715625 0.64453125 0.746875 0.60859375 0.746875
0 0.6484375 0.715625 0.684375 0.715625 0.684375 0.74375 0.6484375 0.74375
0 0.68671875 0.71640625 0.72265625 0.71640625 0.72265625 0.74765625 0.68671875 0.74765625
0 0.7234375 0.715625 0.7625 0.715625 0.7625 0.7453125 0.7234375 0.7453125
0 0.7609375 0.71953125 0.8015625 0.71953125 0.8015625 0.74453125 0.7609375 0.74453125
0 0.803125 0.72109375 0.8453125 0.72109375 0.8453125 0.74453125 0.803125 0.74453125
0 0.846875 0.71953125 0.8796875 0.71953125 0.8796875 0.74609375 0.846875 0.74609375
0 0.88203125 0.71953125 0.92109375 0.71953125 0.92109375 0.74609375 0.88203125 0.74609375
0 0.92265625 0.721875 0.96328125 0.721875 0.96328125 0.75 0.92265625 0.75
0 0.4375 0.7515625 0.478125 0.7515625 0.478125 0.778125 0.4375 0.778125
0 0.440625 0.78046875 0.4765625 0.78046875 0.4765625 0.80546875 0.440625 0.80546875
0 0.43828125 0.80625 0.48203125 0.80625 0.48203125 0.8375 0.43828125 0.8375
0 0.4421875 0.83828125 0.4765625 0.83828125 0.4765625 0.86484375 0.4421875 0.86484375
0 0.43984375 0.865625 0.47734375 0.865625 0.47734375 0.890625 0.43984375 0.890625
0 0.4375 0.89453125 0.4765625 0.89453125 0.4765625 0.91953125 0.4375 0.91953125
0 0.440625 0.92109375 0.48125 0.92109375 0.48125 0.95234375 0.440625 0.95234375
0 0.44375 0.95390625 0.4828125 0.95390625 0.4828125 0.97578125 0.44375 0.97578125
0 0.4453125 0.9765625 0.4890625 0.9765625 0.4890625 1 0.4453125 1
0 0.48046875 0.74921875 0.51953125 0.74921875 0.51953125 0.77578125 0.48046875 0.77578125
0 0.47890625 0.778125 0.51640625 0.778125 0.51640625 0.803125 0.47890625 0.803125
0 0.48125 0.80625 0.521875 0.80625 0.521875 0.834375 0.48125 0.834375
0 0.4765625 0.83671875 0.521875 0.83671875 0.521875 0.85859375 0.4765625 0.85859375
0 0.478125 0.8609375 0.51875 0.8609375 0.51875 0.89375 0.478125 0.89375
0 0.4796875 0.8953125 0.51875 0.8953125 0.51875 0.9171875 0.4796875 0.9171875
0 0.48125 0.9171875 0.51875 0.9171875 0.51875 0.9484375 0.48125 0.9484375
0 0.4859375 0.95 0.5265625 0.95 0.5265625 0.9734375 0.4859375 0.9734375
0 0.48828125 0.97421875 0.52890625 0.97421875 0.52890625 0.99921875 0.48828125 0.99921875
0 0.5203125 0.75078125 0.5671875 0.75078125 0.5671875 0.77109375 0.5203125 0.77109375
0 0.52265625 0.775 0.55859375 0.775 0.55859375 0.8078125 0.52265625 0.8078125
0 0.52265625 0.809375 0.56328125 0.809375 0.56328125 0.8359375 0.52265625 0.8359375
0 0.52421875 0.8390625 0.56171875 0.8390625 0.56171875 0.8625 0.52421875 0.8625
0 0.51953125 0.8640625 0.56328125 0.8640625 0.56328125 0.890625 0.51953125 0.890625
0 0.52265625 0.89296875 0.55859375 0.89296875 0.55859375 0.92109375 0.52265625 0.92109375
0 0.52109375 0.9234375 0.56484375 0.9234375 0.56484375 0.9484375 0.52109375 0.9484375
0 0.5296875 0.9515625 0.565625 0.9515625 0.565625 0.975 0.5296875 0.975
0 0.53203125 0.97734375 0.56796875 0.97734375 0.56796875 0.99921875 0.53203125 0.99921875
0 0.56640625 0.74921875 0.60078125 0.74921875 0.60078125 0.77734375 0.56640625 0.77734375
0 0.60234375 0.74765625 0.64921875 0.74765625 0.64921875 0.77265625 0.60234375 0.77265625
0 0.65 0.74765625 0.6796875 0.74765625 0.6796875 0.77890625 0.65 0.77890625
0 0.68359375 0.75 0.72578125 0.75 0.72578125 0.7734375 0.68359375 0.7734375
0 0.72734375 0.74765625 0.76171875 0.74765625 0.76171875 0.77265625 0.72734375 0.77265625
0 0.76328125 0.7484375 0.79921875 0.7484375 0.79921875 0.7734375 0.76328125 0.7734375
0 0.803125 0.7484375 0.840625 0.7484375 0.840625 0.775 0.803125 0.775
0 0.84375 0.74765625 0.884375 0.74765625 0.884375 0.77578125 0.84375 0.77578125
0 0.8859375 0.7484375 0.9171875 0.7484375 0.9171875 0.7734375 0.8859375 0.7734375
0 0.91875 0.7515625 0.9578125 0.7515625 0.9578125 0.7765625 0.91875 0.7765625
0 0.9640625 0.725 1 0.725 1 0.7515625 0.9640625 0.7515625
0 0.9609375 0.7515625 1 0.7515625 1 0.7796875 0.9609375 0.7796875
0 0.5625 0.77890625 0.6 0.77890625 0.6 0.80390625 0.5625 0.80390625
0 0.603125 0.77421875 0.6453125 0.77421875 0.6453125 0.80546875 0.603125 0.80546875
0 0.64765625 0.7796875 0.68515625 0.7796875 0.68515625 0.80625 0.64765625 0.80625
0 0.6875 0.775 0.725 0.775 0.725 0.8078125 0.6875 0.8078125
0 0.72578125 0.7734375 0.76640625 0.7734375 0.76640625 0.80625 0.72578125 0.80625
0 0.765625 0.77421875 0.796875 0.77421875 0.796875 0.80703125 0.765625 0.80703125
0 0.7984375 0.77578125 0.846875 0.77578125 0.846875 0.80546875 0.7984375 0.80546875
0 0.84765625 0.7765625 0.88203125 0.7765625 0.88203125 0.80625 0.84765625 0.80625
0 0.88359375 0.7765625 0.92265625 0.7765625 0.92265625 0.8046875 0.88359375 0.8046875
0 0.92421875 0.77890625 0.95546875 0.77890625 0.95546875 0.80703125 0.92421875 0.80703125
0 0.959375 0.78046875 1 0.78046875 1 0.80546875 0.959375 0.80546875
0 0.5640625 0.80625 0.6015625 0.80625 0.6015625 0.8359375 0.5640625 0.8359375
0 0.60546875 0.80625 0.64921875 0.80625 0.64921875 0.8359375 0.60546875 0.8359375
0 0.65078125 0.80859375 0.68671875 0.80859375 0.68671875 0.83671875 0.65078125 0.83671875
0 0.6890625 0.81015625 0.7296875 0.81015625 0.7296875 0.83515625 0.6890625 0.83515625
0 0.73125 0.80859375 0.7671875 0.80859375 0.7671875 0.83671875 0.73125 0.83671875
0 0.76875 0.80859375 0.8 0.80859375 0.8 0.83515625 0.76875 0.83515625
0 0.80234375 0.80703125 0.84765625 0.80703125 0.84765625 0.83671875 0.80234375 0.83671875
0 0.84765625 0.80703125 0.88203125 0.80703125 0.88203125 0.83828125 0.84765625 0.83828125
0 0.88515625 0.80625 0.92109375 0.80625 0.92109375 0.8359375 0.88515625 0.8359375
0 0.92578125 0.80859375 0.95703125 0.80859375 0.95703125 0.83515625 0.92578125 0.83515625
0 0.9578125 0.8078125 1 0.8078125 1 0.8375 0.9578125 0.8375
0 0.56328125 0.83828125 0.60546875 0.83828125 0.60546875 0.86171875 0.56328125 0.86171875
0 0.6078125 0.83671875 0.65 0.83671875 0.65 0.86328125 0.6078125 0.86328125
0 0.65 0.83671875 0.6890625 0.83671875 0.6890625 0.86328125 0.65 0.86328125
0 0.690625 0.8375 0.728125 0.8375 0.728125 0.8640625 0.690625 0.8640625
0 0.73203125 0.83984375 0.77265625 0.83984375 0.77265625 0.86328125 0.73203125 0.86328125
0 0.77109375 0.8375 0.80703125 0.8375 0.80703125 0.8640625 0.77109375 0.8640625
0 0.80859375 0.8375 0.84765625 0.8375 0.84765625 0.8625 0.80859375 0.8625
0 0.8484375 0.8390625 0.884375 0.8390625 0.884375 0.8625 0.8484375 0.8625
0 0.8859375 0.83828125 0.91875 0.83828125 0.91875 0.86171875 0.8859375 0.86171875
0 0.921875 0.83671875 0.959375 0.83671875 0.959375 0.86171875 0.921875 0.86171875
0 0.9625 0.83984375 1 0.83984375 1 0.86171875 0.9625 0.86171875
0 0.565625 0.86484375 0.603125 0.86484375 0.603125 0.89296875 0.565625 0.89296875
0 0.60625 0.8640625 0.65 0.8640625 0.65 0.89375 0.60625 0.89375
0 0.65234375 0.8640625 0.68828125 0.8640625 0.68828125 0.8953125 0.65234375 0.8953125
0 0.69296875 0.8671875 0.73203125 0.8671875 0.73203125 0.89375 0.69296875 0.89375
0 0.73515625 0.86640625 0.76640625 0.86640625 0.76640625 0.89453125 0.73515625 0.89453125
0 0.76796875 0.865625 0.80390625 0.865625 0.80390625 0.890625 0.76796875 0.890625
0 0.8078125 0.865625 0.84375 0.865625 0.84375 0.890625 0.8078125 0.890625
0 0.846875 0.86640625 0.8859375 0.86640625 0.8859375 0.88984375 0.846875 0.88984375
0 0.88671875 0.8640625 0.92265625 0.8640625 0.92265625 0.8890625 0.88671875 0.8890625
0 0.9234375 0.8625 0.959375 0.8625 0.959375 0.890625 0.9234375 0.890625
0 0.9609375 0.86171875 1 0.86171875 1 0.89296875 0.9609375 0.89296875
0 0.56328125 0.89609375 0.60234375 0.89609375 0.60234375 0.91953125 0.56328125 0.91953125
0 0.5671875 0.92265625 0.609375 0.92265625 0.609375 0.95078125 0.5671875 0.95078125
0 0.56796875 0.95390625 0.60859375 0.95390625 0.60859375 0.97734375 0.56796875 0.97734375
0 0.56953125 0.9765625 0.60703125 0.9765625 0.60703125 1 0.56953125 1
0 0.60546875 0.896875 0.65234375 0.896875 0.65234375 0.9203125 0.60546875 0.9203125
0 0.6109375 0.9234375 0.6484375 0.9234375 0.6484375 0.946875 0.6109375 0.946875
0 0.61171875 0.9515625 0.65390625 0.9515625 0.65390625 0.9765625 0.61171875 0.9765625
0 0.60859375 0.97890625 0.65546875 0.97890625 0.65546875 0.99921875 0.60859375 0.99921875
0 0.65390625 0.896875 0.68984375 0.896875 0.68984375 0.91875 0.65390625 0.91875
0 0.65234375 0.92265625 0.68984375 0.92265625 0.68984375 0.94921875 0.65234375 0.94921875
0 0.65625 0.95078125 0.6921875 0.95078125 0.6921875 0.97421875 0.65625 0.97421875
0 0.6921875 0.896875 0.7265625 0.896875 0.7265625 0.91875 0.6921875 0.91875
0 0.69375 0.921875 0.73125 0.921875 0.73125 0.946875 0.69375 0.946875
0 0.7296875 0.89453125 0.765625 0.89453125 0.765625 0.91640625 0.7296875 0.91640625
0 0.73203125 0.91953125 0.76953125 0.91953125 0.76953125 0.94765625 0.73203125 0.94765625
0 0.6953125 0.95 0.73125 0.95 0.73125 0.9734375 0.6953125 0.9734375
0 0.6578125 0.9765625 0.6921875 0.9765625 0.6921875 1 0.6578125 1
0 0.69296875 0.975 0.73359375 0.975 0.73359375 0.9984375 0.69296875 0.9984375
0 0.76953125 0.89453125 0.80546875 0.89453125 0.80546875 0.91640625 0.76953125 0.91640625
0 0.8078125 0.89375 0.846875 0.89375 0.846875 0.9171875 0.8078125 0.9171875
0 0.84765625 0.89296875 0.88359375 0.89296875 0.88359375 0.91796875 0.84765625 0.91796875
0 0.8875 0.890625 0.925 0.890625 0.925 0.9171875 0.8875 0.9171875
0 0.92734375 0.890625 0.95859375 0.890625 0.95859375 0.91875 0.92734375 0.91875
0 0.9609375 0.89453125 1 0.89453125 1 0.91953125 0.9609375 0.91953125
0 0.77265625 0.9203125 0.81015625 0.9203125 0.81015625 0.94375 0.77265625 0.94375
0 0.734375 0.94765625 0.7703125 0.94765625 0.7703125 0.97421875 0.734375 0.97421875
0 0.734375 0.975 0.7703125 0.975 0.7703125 1 0.734375 1
0 0.81328125 0.9171875 0.84765625 0.9171875 0.84765625 0.9484375 0.81328125 0.9484375
0 0.8515625 0.91875 0.8875 0.91875 0.8875 0.9453125 0.8515625 0.9453125
0 0.88828125 0.91875 0.92421875 0.91875 0.92421875 0.946875 0.88828125 0.946875
0 0.925 0.91953125 0.95625 0.91953125 0.95625 0.94609375 0.925 0.94609375
0 0.9578125 0.9203125 1 0.9203125 1 0.9484375 0.9578125 0.9484375
0 0.77265625 0.94765625 0.81171875 0.94765625 0.81171875 0.97421875 0.77265625 0.97421875
0 0.815625 0.94921875 0.846875 0.94921875 0.846875 0.97265625 0.815625 0.97265625
0 0.85078125 0.946875 0.88828125 0.946875 0.88828125 0.975 0.85078125 0.975
0 0.890625 0.94765625 0.9234375 0.94765625 0.9234375 0.97265625 0.890625 0.97265625
0 0.92421875 0.94921875 0.95703125 0.94921875 0.95703125 0.97578125 0.92421875 0.97578125
0 0.771875 0.975 0.809375 0.975 0.809375 1 0.771875 1
0 0.8125 0.9734375 0.84375 0.9734375 0.84375 1 0.8125 1
0 0.8453125 0.97578125 0.8921875 0.97578125 0.8921875 0.99921875 0.8453125 0.99921875
0 0.89140625 0.9734375 0.92578125 0.9734375 0.92578125 1 0.89140625 1
0 0.9265625 0.9765625 0.959375 0.9765625 0.959375 1 0.9265625 1
0 0.9578125 0.95078125 1 0.95078125 1 0.97265625 0.9578125 0.97265625
0 0.9609375 0.975 1 0.975 1 1 0.9609375 1