0 0.7151162790697675 0.09523809523809523 0.6569767441860465 0.09523809523809523 0.6569767441860465 0.16666666666666666 0.7151162790697675 0.16666666666666666 0.7151162790697675 0.09523809523809523
0 0.9244186046511628 0.09523809523809523 0.8662790697674418 0.09523809523809523 0.8662790697674418 0.16666666666666666 0.9244186046511628 0.16666666666666666 0.9244186046511628 0.09523809523809523
0 0.9651162790697675 0.75 0.8953488372093024 0.75 0.8953488372093024 0.8214285714285714 0.9651162790697675 0.8214285714285714 0.9651162790697675 0.75
0 0.8604651162790697 0.6964285714285714 0.8081395348837209 0.6964285714285714 0.8081395348837209 0.75 0.8604651162790697 0.75 0.8604651162790697 0.6964285714285714
0 0.7151162790697675 0.005952380952380952 0.6569767441860465 0.005952380952380952 0.6569767441860465 0.07738095238095238 0.7151162790697675 0.07738095238095238 0.7151162790697675 0.005952380952380952
0 0.0872093023255814 0.6428571428571429 0.023255813953488372 0.6428571428571429 0.023255813953488372 0.7202380952380952 0.0872093023255814 0.7202380952380952 0.0872093023255814 0.6428571428571429
0 0.37790697674418605 0.8452380952380952 0.31976744186046513 0.8452380952380952 0.31976744186046513 0.9047619047619048 0.37790697674418605 0.9047619047619048 0.37790697674418605 0.8452380952380952
0 0.7616279069767442 0.5476190476190477 0.7034883720930233 0.5476190476190477 0.7034883720930233 0.6190476190476191 0.7616279069767442 0.6190476190476191 0.7616279069767442 0.5476190476190477
0 0.31976744186046513 0.7738095238095238 0.27906976744186046 0.7738095238095238 0.27906976744186046 0.8214285714285714 0.31976744186046513 0.8214285714285714 0.31976744186046513 0.7738095238095238
0 0.7616279069767442 0.6904761904761905 0.7034883720930233 0.6904761904761905 0.7034883720930233 0.75 0.7616279069767442 0.75 0.7616279069767442 0.6904761904761905
0 0.9825581395348837 0.39285714285714285 0.9244186046511628 0.39285714285714285 0.9244186046511628 0.4523809523809524 0.9825581395348837 0.4523809523809524 0.9825581395348837 0.39285714285714285
0 0.11627906976744186 0.9226190476190477 0.06976744186046512 0.9226190476190477 0.06976744186046512 0.9940476190476191 0.11627906976744186 0.9940476190476191 0.11627906976744186 0.9226190476190477
0 0.12790697674418605 0 0.08139534883720931 0 0.08139534883720931 0.06547619047619048 0.12790697674418605 0.06547619047619048 0.12790697674418605 0
0 0.9244186046511628 0.017857142857142856 0.877906976744186 0.017857142857142856 0.877906976744186 0.07738095238095238 0.9244186046511628 0.07738095238095238 0.9244186046511628 0.017857142857142856
0 0.877906976744186 0 0.8313953488372093 0 0.8313953488372093 0.02976190476190476 0.877906976744186 0.02976190476190476 0.877906976744186 0
0 0.9651162790697675 0.6726190476190477 0.9069767441860465 0.6726190476190477 0.9069767441860465 0.7440476190476191 0.9651162790697675 0.7440476190476191 0.9651162790697675 0.6726190476190477
0 0.31976744186046513 0.8452380952380952 0.27906976744186046 0.8452380952380952 0.27906976744186046 0.9047619047619048 0.31976744186046513 0.9047619047619048 0.31976744186046513 0.8452380952380952
0 0.8081395348837209 0.6964285714285714 0.7616279069767442 0.6964285714285714 0.7616279069767442 0.75 0.8081395348837209 0.75 0.8081395348837209 0.6964285714285714
0 0.9069767441860465 0.6964285714285714 0.8604651162790697 0.6964285714285714 0.8604651162790697 0.75 0.9069767441860465 0.75 0.9069767441860465 0.6964285714285714
0 0.9651162790697675 0.47023809523809523 0.9127906976744186 0.47023809523809523 0.9127906976744186 0.5416666666666666 0.9651162790697675 0.5416666666666666 0.9651162790697675 0.47023809523809523
0 0.7034883720930233 0.6726190476190477 0.6453488372093024 0.6726190476190477 0.6453488372093024 0.7440476190476191 0.7034883720930233 0.7440476190476191 0.7034883720930233 0.6726190476190477
0 0.877906976744186 0.02976190476190476 0.8197674418604651 0.02976190476190476 0.8197674418604651 0.09523809523809523 0.877906976744186 0.09523809523809523 0.877906976744186 0.02976190476190476
0 0.8662790697674418 0.375 0.8197674418604651 0.375 0.8197674418604651 0.42857142857142855 0.8662790697674418 0.42857142857142855 0.8662790697674418 0.375
0 0.7616279069767442 0.6190476190476191 0.7034883720930233 0.6190476190476191 0.7034883720930233 0.6904761904761905 0.7616279069767442 0.6904761904761905 0.7616279069767442 0.6190476190476191
0 0.0872093023255814 0.5714285714285714 0.029069767441860465 0.5714285714285714 0.029069767441860465 0.6309523809523809 0.0872093023255814 0.6309523809523809 0.0872093023255814 0.5714285714285714
0 0.8313953488372093 0.023809523809523808 0.7790697674418605 0.023809523809523808 0.7790697674418605 0.08928571428571429 0.8313953488372093 0.08928571428571429 0.8313953488372093 0.023809523809523808
0 0.9825581395348837 0 0.936046511627907 0 0.936046511627907 0.07142857142857142 0.9825581395348837 0.07142857142857142 0.9825581395348837 0
0 0.9069767441860465 0.47619047619047616 0.8662790697674418 0.47619047619047616 0.8662790697674418 0.5416666666666666 0.9069767441860465 0.5416666666666666 0.9069767441860465 0.47619047619047616
0 0.7790697674418605 0.09523809523809523 0.7151162790697675 0.09523809523809523 0.7151162790697675 0.16666666666666666 0.7790697674418605 0.16666666666666666 0.7790697674418605 0.09523809523809523
0 0.7151162790697675 0.375 0.6569767441860465 0.375 0.6569767441860465 0.44047619047619047 0.7151162790697675 0.44047619047619047 0.7151162790697675 0.375
0 0.1744186046511628 0.3273809523809524 0.12790697674418605 0.3273809523809524 0.12790697674418605 0.38095238095238093 0.1744186046511628 0.38095238095238093 0.1744186046511628 0.3273809523809524
0 0.9127906976744186 0.25 0.8662790697674418 0.25 0.8662790697674418 0.31547619047619047 0.9127906976744186 0.31547619047619047 0.9127906976744186 0.25
0 0.16279069767441862 0.9226190476190477 0.11627906976744186 0.9226190476190477 0.11627906976744186 0.9940476190476191 0.16279069767441862 0.9940476190476191 0.16279069767441862 0.9226190476190477
0 0.06976744186046512 0.9166666666666666 0.023255813953488372 0.9166666666666666 0.023255813953488372 0.9940476190476191 0.06976744186046512 0.9940476190476191 0.06976744186046512 0.9166666666666666
0 0.9127906976744186 0.375 0.8662790697674418 0.375 0.8662790697674418 0.44047619047619047 0.9127906976744186 0.44047619047619047 0.9127906976744186 0.375
0 0.38372093023255816 0.7738095238095238 0.3372093023255814 0.7738095238095238 0.3372093023255814 0.8392857142857143 0.38372093023255816 0.8392857142857143 0.38372093023255816 0.7738095238095238
0 0.29069767441860467 0.7202380952380952 0.23255813953488372 0.7202380952380952 0.23255813953488372 0.7738095238095238 0.29069767441860467 0.7738095238095238 0.29069767441860467 0.7202380952380952
0 0.5523255813953488 0.5952380952380952 0.4941860465116279 0.5952380952380952 0.4941860465116279 0.6666666666666666 0.5523255813953488 0.6666666666666666 0.5523255813953488 0.5952380952380952
0 0.7034883720930233 0.44642857142857145 0.6453488372093024 0.44642857142857145 0.6453488372093024 0.5178571428571429 0.7034883720930233 0.5178571428571429 0.7034883720930233 0.44642857142857145
0 0.12790697674418605 0.7738095238095238 0.06976744186046512 0.7738095238095238 0.06976744186046512 0.8273809523809523 0.12790697674418605 0.8273809523809523 0.12790697674418605 0.7738095238095238
0 0.38372093023255816 0.6964285714285714 0.3372093023255814 0.6964285714285714 0.3372093023255814 0.7738095238095238 0.38372093023255816 0.7738095238095238 0.38372093023255816 0.6964285714285714
0 0.8662790697674418 0.2976190476190476 0.8197674418604651 0.2976190476190476 0.8197674418604651 0.36904761904761907 0.8662790697674418 0.36904761904761907 0.8662790697674418 0.2976190476190476
0 0.7732558139534884 0.36904761904761907 0.7034883720930233 0.36904761904761907 0.7034883720930233 0.44047619047619047 0.7732558139534884 0.44047619047619047 0.7732558139534884 0.36904761904761907
0 0.42441860465116277 0.9226190476190477 0.36627906976744184 0.9226190476190477 0.36627906976744184 0.9880952380952381 0.42441860465116277 0.9880952380952381 0.42441860465116277 0.9226190476190477
0 0.3372093023255814 0.7023809523809523 0.29069767441860467 0.7023809523809523 0.29069767441860467 0.7738095238095238 0.3372093023255814 0.7738095238095238 0.3372093023255814 0.7023809523809523
0 0.0872093023255814 0.25 0.029069767441860465 0.25 0.029069767441860465 0.31547619047619047 0.0872093023255814 0.31547619047619047 0.0872093023255814 0.25
0 0.27906976744186046 0.7738095238095238 0.23255813953488372 0.7738095238095238 0.23255813953488372 0.8273809523809523 0.27906976744186046 0.8273809523809523 0.27906976744186046 0.7738095238095238
0 0.436046511627907 0.7202380952380952 0.3953488372093023 0.7202380952380952 0.3953488372093023 0.7738095238095238 0.436046511627907 0.7738095238095238 0.436046511627907 0.7202380952380952
0 0.6162790697674418 0.2916666666666667 0.5581395348837209 0.2916666666666667 0.5581395348837209 0.35119047619047616 0.6162790697674418 0.35119047619047616 0.6162790697674418 0.2916666666666667
0 0.9069767441860465 0.6190476190476191 0.8604651162790697 0.6190476190476191 0.8604651162790697 0.6726190476190477 0.9069767441860465 0.6726190476190477 0.9069767441860465 0.6190476190476191
0 0.37790697674418605 0.9166666666666666 0.31976744186046513 0.9166666666666666 0.31976744186046513 0.9940476190476191 0.37790697674418605 0.9940476190476191 0.37790697674418605 0.9166666666666666
0 0.8488372093023255 0.7738095238095238 0.8081395348837209 0.7738095238095238 0.8081395348837209 0.8392857142857143 0.8488372093023255 0.8392857142857143 0.8488372093023255 0.7738095238095238
0 0.8662790697674418 0.09523809523809523 0.8197674418604651 0.09523809523809523 0.8197674418604651 0.16666666666666666 0.8662790697674418 0.16666666666666666 0.8662790697674418 0.09523809523809523
0 0.9069767441860465 0.5416666666666666 0.8604651162790697 0.5416666666666666 0.8604651162790697 0.6011904761904762 0.9069767441860465 0.6011904761904762 0.9069767441860465 0.5416666666666666
0 0.1744186046511628 0.5773809523809523 0.12790697674418605 0.5773809523809523 0.12790697674418605 0.6488095238095238 0.1744186046511628 0.6488095238095238 0.1744186046511628 0.5773809523809523
0 0.1744186046511628 0.47023809523809523 0.12790697674418605 0.47023809523809523 0.12790697674418605 0.5297619047619048 0.1744186046511628 0.5297619047619048 0.1744186046511628 0.47023809523809523
0 0.040697674418604654 0.39285714285714285 0 0.39285714285714285 0 0.4523809523809524 0.040697674418604654 0.4523809523809524 0.040697674418604654 0.39285714285714285
0 0.8604651162790697 0.6011904761904762 0.8081395348837209 0.6011904761904762 0.8081395348837209 0.6666666666666666 0.8604651162790697 0.6666666666666666 0.8604651162790697 0.6011904761904762
0 0.27906976744186046 0.9166666666666666 0.22093023255813954 0.9166666666666666 0.22093023255813954 0.9940476190476191 0.27906976744186046 0.9940476190476191 0.27906976744186046 0.9166666666666666
0 0.8197674418604651 0.47619047619047616 0.7616279069767442 0.47619047619047616 0.7616279069767442 0.5476190476190477 0.8197674418604651 0.5476190476190477 0.8197674418604651 0.47619047619047616
0 0.1744186046511628 0.7678571428571429 0.12790697674418605 0.7678571428571429 0.12790697674418605 0.8273809523809523 0.1744186046511628 0.8273809523809523 0.1744186046511628 0.7678571428571429
0 0.5523255813953488 0.5238095238095238 0.5 0.5238095238095238 0.5 0.5892857142857143 0.5523255813953488 0.5892857142857143 0.5523255813953488 0.5238095238095238
0 0.8197674418604651 0.25 0.7732558139534884 0.25 0.7732558139534884 0.31547619047619047 0.8197674418604651 0.31547619047619047 0.8197674418604651 0.25
0 0.08139534883720931 0.7202380952380952 0.029069767441860465 0.7202380952380952 0.029069767441860465 0.7797619047619048 0.08139534883720931 0.7797619047619048 0.08139534883720931 0.7202380952380952
0 0.7034883720930233 0.5297619047619048 0.6453488372093024 0.5297619047619048 0.6453488372093024 0.5952380952380952 0.7034883720930233 0.5952380952380952 0.7034883720930233 0.5297619047619048
0 0.8604651162790697 0.42857142857142855 0.8197674418604651 0.42857142857142855 0.8197674418604651 0.47619047619047616 0.8604651162790697 0.47619047619047616 0.8604651162790697 0.42857142857142855
0 0.11627906976744186 0.39285714285714285 0.06976744186046512 0.39285714285714285 0.06976744186046512 0.4523809523809524 0.11627906976744186 0.4523809523809524 0.11627906976744186 0.39285714285714285
0 0.27906976744186046 0.8452380952380952 0.22093023255813954 0.8452380952380952 0.22093023255813954 0.9166666666666666 0.27906976744186046 0.9166666666666666 0.27906976744186046 0.8452380952380952
0 0.1744186046511628 0.27380952380952384 0.12790697674418605 0.27380952380952384 0.12790697674418605 0.3273809523809524 0.1744186046511628 0.3273809523809524 0.1744186046511628 0.27380952380952384
0 0.9825581395348837 0.17261904761904762 0.9244186046511628 0.17261904761904762 0.9244186046511628 0.24404761904761904 0.9825581395348837 0.24404761904761904 0.9825581395348837 0.17261904761904762
0 0.9941860465116279 0.32142857142857145 0.9127906976744186 0.32142857142857145 0.9127906976744186 0.38095238095238093 0.9941860465116279 0.38095238095238093 0.9941860465116279 0.32142857142857145
0 0.6453488372093024 0.6726190476190477 0.5872093023255814 0.6726190476190477 0.5872093023255814 0.7380952380952381 0.6453488372093024 0.7380952380952381 0.6453488372093024 0.6726190476190477
0 0.6627906976744186 0 0.6162790697674418 0 0.6162790697674418 0.07142857142857142 0.6627906976744186 0.07142857142857142 0.6627906976744186 0
0 0.7616279069767442 0.47023809523809523 0.7034883720930233 0.47023809523809523 0.7034883720930233 0.5416666666666666 0.7616279069767442 0.5416666666666666 0.7616279069767442 0.47023809523809523
0 0.6104651162790697 0.42857142857142855 0.5523255813953488 0.42857142857142855 0.5523255813953488 0.5 0.6104651162790697 0.5 0.6104651162790697 0.42857142857142855
0 0.22093023255813954 0.8452380952380952 0.1744186046511628 0.8452380952380952 0.1744186046511628 0.9166666666666666 0.22093023255813954 0.9166666666666666 0.22093023255813954 0.8452380952380952
0 0.9244186046511628 0.8928571428571429 0.8372093023255814 0.8928571428571429 0.8372093023255814 0.9702380952380952 0.9244186046511628 0.9702380952380952 0.9244186046511628 0.8928571428571429
0 0.1744186046511628 0.39285714285714285 0.11627906976744186 0.39285714285714285 0.11627906976744186 0.4642857142857143 0.1744186046511628 0.4642857142857143 0.1744186046511628 0.39285714285714285
0 0.6337209302325582 0.9464285714285714 0.5872093023255814 0.9464285714285714 0.5872093023255814 0.9940476190476191 0.6337209302325582 0.9940476190476191 0.6337209302325582 0.9464285714285714
0 0.13372093023255813 0.6488095238095238 0.0872093023255814 0.6488095238095238 0.0872093023255814 0.7202380952380952 0.13372093023255813 0.7202380952380952 0.13372093023255813 0.6488095238095238
0 0.7151162790697675 0.2976190476190476 0.6569767441860465 0.2976190476190476 0.6569767441860465 0.375 0.7151162790697675 0.375 0.7151162790697675 0.2976190476190476
0 0.08139534883720931 0.32142857142857145 0.040697674418604654 0.32142857142857145 0.040697674418604654 0.375 0.08139534883720931 0.375 0.08139534883720931 0.32142857142857145
0 0.8081395348837209 0.875 0.75 0.875 0.75 0.9464285714285714 0.8081395348837209 0.9464285714285714 0.8081395348837209 0.875
0 0.5581395348837209 0.35119047619047616 0.5 0.35119047619047616 0.5 0.4166666666666667 0.5581395348837209 0.4166666666666667 0.5581395348837209 0.35119047619047616
0 0.9244186046511628 0.17261904761904762 0.8662790697674418 0.17261904761904762 0.8662790697674418 0.23809523809523808 0.9244186046511628 0.23809523809523808 0.9244186046511628 0.17261904761904762
0 0.22093023255813954 0.7738095238095238 0.1744186046511628 0.7738095238095238 0.1744186046511628 0.8392857142857143 0.22093023255813954 0.8392857142857143 0.22093023255813954 0.7738095238095238
0 0.9825581395348837 0.09523809523809523 0.936046511627907 0.09523809523809523 0.936046511627907 0.16666666666666666 0.9825581395348837 0.16666666666666666 0.9825581395348837 0.09523809523809523
0 0.8197674418604651 0.09523809523809523 0.7790697674418605 0.09523809523809523 0.7790697674418605 0.16666666666666666 0.8197674418604651 0.16666666666666666 0.8197674418604651 0.09523809523809523
0 0.5406976744186046 0.6726190476190477 0.4941860465116279 0.6726190476190477 0.4941860465116279 0.7380952380952381 0.5406976744186046 0.7380952380952381 0.5406976744186046 0.6726190476190477
0 0.9069767441860465 0.7678571428571429 0.8488372093023255 0.7678571428571429 0.8488372093023255 0.8273809523809523 0.9069767441860465 0.8273809523809523 0.9069767441860465 0.7678571428571429
0 0.5581395348837209 0.017857142857142856 0.5 0.017857142857142856 0.5 0.09523809523809523 0.5581395348837209 0.09523809523809523 0.5581395348837209 0.017857142857142856
0 0.12790697674418605 0.5773809523809523 0.0872093023255814 0.5773809523809523 0.0872093023255814 0.6488095238095238 0.12790697674418605 0.6488095238095238 0.12790697674418605 0.5773809523809523
0 0.06976744186046512 0.8214285714285714 0.011627906976744186 0.8214285714285714 0.011627906976744186 0.8928571428571429 0.06976744186046512 0.8928571428571429 0.06976744186046512 0.8214285714285714
0 0.4418604651162791 0 0.3953488372093023 0 0.3953488372093023 0.07142857142857142 0.4418604651162791 0.07142857142857142 0.4418604651162791 0
0 0.6569767441860465 0.5238095238095238 0.5988372093023255 0.5238095238095238 0.5988372093023255 0.5952380952380952 0.6569767441860465 0.5952380952380952 0.6569767441860465 0.5238095238095238
0 0.5523255813953488 0.44642857142857145 0.5116279069767442 0.44642857142857145 0.5116279069767442 0.5178571428571429 0.5523255813953488 0.5178571428571429 0.5523255813953488 0.44642857142857145
0 0.5872093023255814 0.7261904761904762 0.5406976744186046 0.7261904761904762 0.5406976744186046 0.7976190476190477 0.5872093023255814 0.7976190476190477 0.5872093023255814 0.7261904761904762
0 0.029069767441860465 0.5773809523809523 0 0.5773809523809523 0 0.6309523809523809 0.029069767441860465 0.6309523809523809 0.029069767441860465 0.5773809523809523
0 0.09883720930232558 0.4880952380952381 0.011627906976744186 0.4880952380952381 0.011627906976744186 0.5535714285714286 0.09883720930232558 0.5535714285714286 0.09883720930232558 0.4880952380952381
0 0.6569767441860465 0.44642857142857145 0.5988372093023255 0.44642857142857145 0.5988372093023255 0.5 0.6569767441860465 0.5 0.6569767441860465 0.44642857142857145
0 0.9651162790697675 0.5416666666666666 0.9069767441860465 0.5416666666666666 0.9069767441860465 0.6190476190476191 0.9651162790697675 0.6190476190476191 0.9651162790697675 0.5416666666666666
0 0.7732558139534884 0.25 0.7151162790697675 0.25 0.7151162790697675 0.32142857142857145 0.7732558139534884 0.32142857142857145 0.7732558139534884 0.25
0 0.20348837209302326 0 0.12790697674418605 0 0.12790697674418605 0.07142857142857142 0.20348837209302326 0.07142857142857142 0.20348837209302326 0
0 0.23255813953488372 0.3273809523809524 0.18604651162790697 0.3273809523809524 0.18604651162790697 0.39285714285714285 0.23255813953488372 0.39285714285714285 0.23255813953488372 0.3273809523809524
0 0.8081395348837209 0.7976190476190477 0.75 0.7976190476190477 0.75 0.875 0.8081395348837209 0.875 0.8081395348837209 0.7976190476190477
0 0.5872093023255814 0.8452380952380952 0.5406976744186046 0.8452380952380952 0.5406976744186046 0.9047619047619048 0.5872093023255814 0.9047619047619048 0.5872093023255814 0.8452380952380952
0 0.4941860465116279 0.9226190476190477 0.42441860465116277 0.9226190476190477 0.42441860465116277 0.9940476190476191 0.4941860465116279 0.9940476190476191 0.4941860465116279 0.9226190476190477
0 0.12790697674418605 0.32142857142857145 0.0872093023255814 0.32142857142857145 0.0872093023255814 0.38095238095238093 0.12790697674418605 0.38095238095238093 0.12790697674418605 0.32142857142857145
0 0.14534883720930233 0.125 0.0872093023255814 0.125 0.0872093023255814 0.19642857142857142 0.14534883720930233 0.19642857142857142 0.14534883720930233 0.125
0 0.6569767441860465 0.09523809523809523 0.6162790697674418 0.09523809523809523 0.6162790697674418 0.15476190476190477 0.6569767441860465 0.15476190476190477 0.6569767441860465 0.09523809523809523
0 0.11627906976744186 0.8452380952380952 0.06976744186046512 0.8452380952380952 0.06976744186046512 0.9047619047619048 0.11627906976744186 0.9047619047619048 0.11627906976744186 0.8452380952380952
0 0.6162790697674418 0.35119047619047616 0.5581395348837209 0.35119047619047616 0.5581395348837209 0.4226190476190476 0.6162790697674418 0.4226190476190476 0.6162790697674418 0.35119047619047616
0 0.9534883720930233 0.8214285714285714 0.9069767441860465 0.8214285714285714 0.9069767441860465 0.8928571428571429 0.9534883720930233 0.8928571428571429 0.9534883720930233 0.8214285714285714
0 0.2441860465116279 0.47023809523809523 0.18604651162790697 0.47023809523809523 0.18604651162790697 0.5238095238095238 0.2441860465116279 0.5238095238095238 0.2441860465116279 0.47023809523809523
0 0.9941860465116279 0.6785714285714286 0.9651162790697675 0.6785714285714286 0.9651162790697675 0.7380952380952381 0.9941860465116279 0.7380952380952381 0.9941860465116279 0.6785714285714286
0 0.6104651162790697 0.5952380952380952 0.5523255813953488 0.5952380952380952 0.5523255813953488 0.6666666666666666 0.6104651162790697 0.6666666666666666 0.6104651162790697 0.5952380952380952
0 0.8197674418604651 0.5476190476190477 0.7616279069767442 0.5476190476190477 0.7616279069767442 0.6130952380952381 0.8197674418604651 0.6130952380952381 0.8197674418604651 0.5476190476190477
0 0.5988372093023255 0.22023809523809523 0.5523255813953488 0.22023809523809523 0.5523255813953488 0.27976190476190477 0.5988372093023255 0.27976190476190477 0.5988372093023255 0.22023809523809523
0 0.1744186046511628 0.8392857142857143 0.12790697674418605 0.8392857142857143 0.12790697674418605 0.8988095238095238 0.1744186046511628 0.8988095238095238 0.1744186046511628 0.8392857142857143
0 0.7151162790697675 0.8690476190476191 0.6337209302325582 0.8690476190476191 0.6337209302325582 0.9464285714285714 0.7151162790697675 0.9464285714285714 0.7151162790697675 0.8690476190476191
0 0.5872093023255814 0.9047619047619048 0.5406976744186046 0.9047619047619048 0.5406976744186046 0.9702380952380952 0.5872093023255814 0.9702380952380952 0.5872093023255814 0.9047619047619048
0 0.19186046511627908 0.07738095238095238 0.13372093023255813 0.07738095238095238 0.13372093023255813 0.14285714285714285 0.19186046511627908 0.14285714285714285 0.19186046511627908 0.07738095238095238
0 0.42441860465116277 0.8511904761904762 0.38372093023255816 0.8511904761904762 0.38372093023255816 0.9166666666666666 0.42441860465116277 0.9166666666666666 0.42441860465116277 0.8511904761904762
0 0.29069767441860467 0.6488095238095238 0.22093023255813954 0.6488095238095238 0.22093023255813954 0.7202380952380952 0.29069767441860467 0.7202380952380952 0.29069767441860467 0.6488095238095238
0 0.7790697674418605 0 0.7151162790697675 0 0.7151162790697675 0.07738095238095238 0.7790697674418605 0.07738095238095238 0.7790697674418605 0