0 0.07172995780590717 0 0 0 0 0.05531914893617021 0.07172995780590717 0.05531914893617021 0.07172995780590717 0
0 0.4388185654008439 0.3574468085106383 0.38396624472573837 0.3574468085106383 0.38396624472573837 0.4127659574468085 0.4388185654008439 0.4127659574468085 0.4388185654008439 0.3574468085106383
0 0.3291139240506329 0.548936170212766 0.270042194092827 0.548936170212766 0.270042194092827 0.6127659574468085 0.3291139240506329 0.6127659574468085 0.3291139240506329 0.548936170212766
0 0.5358649789029536 0.00425531914893617 0.47257383966244726 0.00425531914893617 0.47257383966244726 0.07659574468085106 0.5358649789029536 0.07659574468085106 0.5358649789029536 0.00425531914893617
0 0.4219409282700422 0.6297872340425532 0.3755274261603376 0.6297872340425532 0.3755274261603376 0.6851063829787234 0.4219409282700422 0.6851063829787234 0.4219409282700422 0.6297872340425532
0 0.14345991561181434 0.6212765957446809 0.0759493670886076 0.6212765957446809 0.0759493670886076 0.676595744680851 0.14345991561181434 0.676595744680851 0.14345991561181434 0.6212765957446809
0 0.4388185654008439 0.2765957446808511 0.3755274261603376 0.2765957446808511 0.3755274261603376 0.34893617021276596 0.4388185654008439 0.34893617021276596 0.4388185654008439 0.2765957446808511
0 0.15611814345991562 0.00425531914893617 0.10126582278481013 0.00425531914893617 0.10126582278481013 0.06808510638297872 0.15611814345991562 0.06808510638297872 0.15611814345991562 0.00425531914893617
0 0.41350210970464135 0.6936170212765957 0.35864978902953587 0.6936170212765957 0.35864978902953587 0.7489361702127659 0.41350210970464135 0.7489361702127659 0.41350210970464135 0.6936170212765957
0 0.33755274261603374 0.4765957446808511 0.2742616033755274 0.4765957446808511 0.2742616033755274 0.5404255319148936 0.33755274261603374 0.5404255319148936 0.33755274261603374 0.4765957446808511
0 0.3206751054852321 0.8297872340425532 0.25316455696202533 0.8297872340425532 0.25316455696202533 0.8936170212765957 0.3206751054852321 0.8936170212765957 0.3206751054852321 0.8297872340425532
0 0.43037974683544306 0.5574468085106383 0.3755274261603376 0.5574468085106383 0.3755274261603376 0.6127659574468085 0.43037974683544306 0.6127659574468085 0.43037974683544306 0.5574468085106383
0 0.14767932489451477 0.5404255319148936 0.08438818565400844 0.5404255319148936 0.08438818565400844 0.6127659574468085 0.14767932489451477 0.6127659574468085 0.14767932489451477 0.5404255319148936
0 0.4345991561181435 0.42127659574468085 0.379746835443038 0.42127659574468085 0.379746835443038 0.4851063829787234 0.4345991561181435 0.4851063829787234 0.4345991561181435 0.42127659574468085
0 0.9915611814345991 0.02127659574468085 0.919831223628692 0.02127659574468085 0.919831223628692 0.0851063829787234 0.9915611814345991 0.0851063829787234 0.9915611814345991 0.02127659574468085
0 0.11814345991561181 0.902127659574468 0.05907172995780591 0.902127659574468 0.05907172995780591 0.9744680851063829 0.11814345991561181 0.9744680851063829 0.11814345991561181 0.902127659574468
0 0.9113924050632911 0.01276595744680851 0.8354430379746836 0.01276595744680851 0.8354430379746836 0.0851063829787234 0.9113924050632911 0.0851063829787234 0.9113924050632911 0.01276595744680851
0 0.2320675105485232 0.5404255319148936 0.1729957805907173 0.5404255319148936 0.1729957805907173 0.6042553191489362 0.2320675105485232 0.6042553191489362 0.2320675105485232 0.5404255319148936
0 0.15611814345991562 0.2680851063829787 0.09282700421940929 0.2680851063829787 0.09282700421940929 0.33191489361702126 0.15611814345991562 0.33191489361702126 0.15611814345991562 0.2680851063829787
0 0.5316455696202531 0.3659574468085106 0.46835443037974683 0.3659574468085106 0.46835443037974683 0.4127659574468085 0.5316455696202531 0.4127659574468085 0.5316455696202531 0.3659574468085106
0 0.34177215189873417 0.20425531914893616 0.270042194092827 0.20425531914893616 0.270042194092827 0.2680851063829787 0.34177215189873417 0.2680851063829787 0.34177215189873417 0.20425531914893616
0 0.22362869198312235 0.9106382978723404 0.16033755274261605 0.9106382978723404 0.16033755274261605 0.9829787234042553 0.22362869198312235 0.9829787234042553 0.22362869198312235 0.9106382978723404
0 0.04219409282700422 0.6212765957446809 0 0.6212765957446809 0 0.676595744680851 0.04219409282700422 0.676595744680851 0.04219409282700422 0.6212765957446809
0 0.22784810126582278 0.8212765957446808 0.15611814345991562 0.8212765957446808 0.15611814345991562 0.8936170212765957 0.22784810126582278 0.8936170212765957 0.22784810126582278 0.8212765957446808
0 0.34177215189873417 0.6127659574468085 0.25738396624472576 0.6127659574468085 0.25738396624472576 0.6851063829787234 0.34177215189873417 0.6851063829787234 0.34177215189873417 0.6127659574468085
0 0.04219409282700422 0.676595744680851 0 0.676595744680851 0 0.7489361702127659 0.04219409282700422 0.7489361702127659 0.04219409282700422 0.676595744680851
0 0.07172995780590717 0.06382978723404255 0 0.06382978723404255 0 0.11914893617021277 0.07172995780590717 0.11914893617021277 0.07172995780590717 0.06382978723404255
0 0.4345991561181435 0.2127659574468085 0.3755274261603376 0.2127659574468085 0.3755274261603376 0.2680851063829787 0.4345991561181435 0.2680851063829787 0.4345991561181435 0.2127659574468085
0 0.34177215189873417 0.00425531914893617 0.27848101265822783 0.00425531914893617 0.27848101265822783 0.07659574468085106 0.34177215189873417 0.07659574468085106 0.34177215189873417 0.00425531914893617
0 0.3333333333333333 0.2851063829787234 0.27848101265822783 0.2851063829787234 0.27848101265822783 0.34893617021276596 0.3333333333333333 0.34893617021276596 0.3333333333333333 0.2851063829787234
0 0.3755274261603376 0.548936170212766 0.33755274261603374 0.548936170212766 0.33755274261603374 0.6127659574468085 0.3755274261603376 0.6127659574468085 0.3755274261603376 0.548936170212766
0 0.8016877637130801 0.8468085106382979 0.7257383966244726 0.8468085106382979 0.7257383966244726 0.9106382978723404 0.8016877637130801 0.9106382978723404 0.8016877637130801 0.8468085106382979
0 0.5485232067510548 0.13191489361702127 0.45569620253164556 0.13191489361702127 0.45569620253164556 0.20425531914893616 0.5485232067510548 0.20425531914893616 0.5485232067510548 0.13191489361702127
0 0.046413502109704644 0.5574468085106383 0 0.5574468085106383 0 0.6212765957446809 0.046413502109704644 0.6212765957446809 0.046413502109704644 0.5574468085106383
0 0.2489451476793249 0.1276595744680851 0.16877637130801687 0.1276595744680851 0.16877637130801687 0.2 0.2489451476793249 0.2 0.2489451476793249 0.1276595744680851
0 0.22784810126582278 0.6127659574468085 0.14345991561181434 0.6127659574468085 0.14345991561181434 0.6851063829787234 0.22784810126582278 0.6851063829787234 0.22784810126582278 0.6127659574468085
0 0.5358649789029536 0.2127659574468085 0.4641350210970464 0.2127659574468085 0.4641350210970464 0.2765957446808511 0.5358649789029536 0.2765957446808511 0.5358649789029536 0.2127659574468085
0 0.6160337552742616 0.7574468085106383 0.540084388185654 0.7574468085106383 0.540084388185654 0.8212765957446808 0.6160337552742616 0.8212765957446808 0.6160337552742616 0.7574468085106383
0 0.38396624472573837 0.7574468085106383 0.3291139240506329 0.7574468085106383 0.3291139240506329 0.8297872340425532 0.38396624472573837 0.8297872340425532 0.38396624472573837 0.7574468085106383
0 0.15611814345991562 0.3404255319148936 0.10126582278481013 0.3404255319148936 0.10126582278481013 0.39148936170212767 0.15611814345991562 0.39148936170212767 0.15611814345991562 0.3404255319148936
0 0.3206751054852321 0.902127659574468 0.24050632911392406 0.902127659574468 0.24050632911392406 0.9744680851063829 0.3206751054852321 0.9744680851063829 0.3206751054852321 0.902127659574468
0 0.24472573839662448 0.6851063829787234 0.16033755274261605 0.6851063829787234 0.16033755274261605 0.7574468085106383 0.24472573839662448 0.7574468085106383 0.24472573839662448 0.6851063829787234
0 0.12658227848101267 0.8212765957446808 0.07172995780590717 0.8212765957446808 0.07172995780590717 0.8936170212765957 0.12658227848101267 0.8936170212765957 0.12658227848101267 0.8212765957446808
0 0.5780590717299579 0.22127659574468084 0.5358649789029536 0.22127659574468084 0.5358649789029536 0.2851063829787234 0.5780590717299579 0.2851063829787234 0.5780590717299579 0.22127659574468084
0 0.04219409282700422 0.4127659574468085 0 0.4127659574468085 0 0.46808510638297873 0.04219409282700422 0.46808510638297873 0.04219409282700422 0.4127659574468085
0 0.7257383966244726 0.2297872340425532 0.6751054852320675 0.2297872340425532 0.6751054852320675 0.2680851063829787 0.7257383966244726 0.2680851063829787 0.7257383966244726 0.2297872340425532
0 0.05063291139240506 0.4851063829787234 0 0.4851063829787234 0 0.548936170212766 0.05063291139240506 0.548936170212766 0.05063291139240506 0.4851063829787234
0 0.3755274261603376 0.4851063829787234 0.33755274261603374 0.4851063829787234 0.33755274261603374 0.5404255319148936 0.3755274261603376 0.5404255319148936 0.3755274261603376 0.4851063829787234
0 0.10126582278481013 0.33191489361702126 0.05907172995780591 0.33191489361702126 0.05907172995780591 0.4 0.10126582278481013 0.4 0.10126582278481013 0.33191489361702126
0 0.7257383966244726 0.7659574468085106 0.6286919831223629 0.7659574468085106 0.6286919831223629 0.8297872340425532 0.7257383966244726 0.8297872340425532 0.7257383966244726 0.7659574468085106
0 0.5316455696202531 0.7659574468085106 0.4345991561181435 0.7659574468085106 0.4345991561181435 0.8382978723404255 0.5316455696202531 0.8382978723404255 0.5316455696202531 0.7659574468085106
0 0.5274261603375527 0.2765957446808511 0.459915611814346 0.2765957446808511 0.459915611814346 0.34893617021276596 0.5274261603375527 0.34893617021276596 0.5274261603375527 0.2765957446808511
0 0.4219409282700422 0.4851063829787234 0.3755274261603376 0.4851063829787234 0.3755274261603376 0.548936170212766 0.4219409282700422 0.548936170212766 0.4219409282700422 0.4851063829787234
0 0.350210970464135 0.1276595744680851 0.2616033755274262 0.1276595744680851 0.2616033755274262 0.20425531914893616 0.350210970464135 0.20425531914893616 0.350210970464135 0.1276595744680851
0 0.47257383966244726 0.00425531914893617 0.4388185654008439 0.00425531914893617 0.4388185654008439 0.06808510638297872 0.47257383966244726 0.06808510638297872 0.47257383966244726 0.00425531914893617
0 0.7257383966244726 0.02127659574468085 0.6666666666666666 0.02127659574468085 0.6666666666666666 0.06808510638297872 0.7257383966244726 0.06808510638297872 0.7257383966244726 0.02127659574468085
0 0.1518987341772152 0.4765957446808511 0.0759493670886076 0.4765957446808511 0.0759493670886076 0.548936170212766 0.1518987341772152 0.548936170212766 0.1518987341772152 0.4765957446808511
0 0.9156118143459916 0.14893617021276595 0.8354430379746836 0.14893617021276595 0.8354430379746836 0.2127659574468085 0.9156118143459916 0.2127659574468085 0.9156118143459916 0.14893617021276595
0 0.14767932489451477 0.6851063829787234 0.05907172995780591 0.6851063829787234 0.05907172995780591 0.7574468085106383 0.14767932489451477 0.7574468085106383 0.14767932489451477 0.6851063829787234
0 0.70042194092827 0.8297872340425532 0.6160337552742616 0.8297872340425532 0.6160337552742616 0.902127659574468 0.70042194092827 0.902127659574468 0.70042194092827 0.8297872340425532
0 0.05485232067510549 0.3404255319148936 0 0.3404255319148936 0 0.4127659574468085 0.05485232067510549 0.4127659574468085 0.05485232067510549 0.3404255319148936
0 0.32489451476793246 0.7574468085106383 0.24472573839662448 0.7574468085106383 0.24472573839662448 0.8297872340425532 0.32489451476793246 0.8297872340425532 0.32489451476793246 0.7574468085106383
0 0.0379746835443038 0.7489361702127659 0 0.7489361702127659 0 0.8212765957446808 0.0379746835443038 0.8212765957446808 0.0379746835443038 0.7489361702127659
0 0.34177215189873417 0.40425531914893614 0.26582278481012656 0.40425531914893614 0.26582278481012656 0.4765957446808511 0.34177215189873417 0.4765957446808511 0.34177215189873417 0.40425531914893614
0 0.4219409282700422 0.8297872340425532 0.33755274261603374 0.8297872340425532 0.33755274261603374 0.902127659574468 0.4219409282700422 0.902127659574468 0.4219409282700422 0.8297872340425532
0 0.6244725738396625 0.2765957446808511 0.5738396624472574 0.2765957446808511 0.5738396624472574 0.3276595744680851 0.6244725738396625 0.3276595744680851 0.6244725738396625 0.2765957446808511
0 0.8185654008438819 0.01276595744680851 0.7383966244725738 0.01276595744680851 0.7383966244725738 0.0851063829787234 0.8185654008438819 0.0851063829787234 0.8185654008438819 0.01276595744680851
0 0.23628691983122363 0.7574468085106383 0.16455696202531644 0.7574468085106383 0.16455696202531644 0.8212765957446808 0.23628691983122363 0.8212765957446808 0.23628691983122363 0.7574468085106383
0 0.24472573839662448 0.42127659574468085 0.16877637130801687 0.42127659574468085 0.16877637130801687 0.49361702127659574 0.24472573839662448 0.49361702127659574 0.24472573839662448 0.42127659574468085
0 0.7046413502109705 0.9106382978723404 0.6118143459915611 0.9106382978723404 0.6118143459915611 0.9914893617021276 0.7046413502109705 0.9914893617021276 0.7046413502109705 0.9106382978723404
0 0.25316455696202533 0.00425531914893617 0.16455696202531644 0.00425531914893617 0.16455696202531644 0.07659574468085106 0.25316455696202533 0.07659574468085106 0.25316455696202533 0.00425531914893617
0 0.6540084388185654 0.14042553191489363 0.5527426160337553 0.14042553191489363 0.5527426160337553 0.2127659574468085 0.6540084388185654 0.2127659574468085 0.6540084388185654 0.14042553191489363
0 0.046413502109704644 0.8468085106382979 0 0.8468085106382979 0 0.9191489361702128 0.046413502109704644 0.9191489361702128 0.046413502109704644 0.8468085106382979
0 0.6497890295358649 0.01276595744680851 0.5527426160337553 0.01276595744680851 0.5527426160337553 0.09361702127659574 0.6497890295358649 0.09361702127659574 0.6497890295358649 0.01276595744680851
0 0.16033755274261605 0.1276595744680851 0.05907172995780591 0.1276595744680851 0.05907172995780591 0.2 0.16033755274261605 0.2 0.16033755274261605 0.1276595744680851
0 0.38396624472573837 0.34893617021276596 0.3291139240506329 0.34893617021276596 0.3291139240506329 0.4127659574468085 0.38396624472573837 0.4127659574468085 0.38396624472573837 0.34893617021276596
0 0.45569620253164556 0.13191489361702127 0.350210970464135 0.13191489361702127 0.350210970464135 0.2127659574468085 0.45569620253164556 0.2127659574468085 0.45569620253164556 0.13191489361702127