0 0.6017316017316018 0.046052631578947366 0.5497835497835498 0.046052631578947366 0.5497835497835498 0.1118421052631579 0.6017316017316018 0.1118421052631579 0.6017316017316018 0.046052631578947366
0 0.341991341991342 0.4605263157894737 0.2857142857142857 0.4605263157894737 0.2857142857142857 0.5263157894736842 0.341991341991342 0.5263157894736842 0.341991341991342 0.4605263157894737
0 0.29004329004329005 0.6973684210526315 0.23809523809523808 0.6973684210526315 0.23809523809523808 0.7697368421052632 0.29004329004329005 0.7697368421052632 0.29004329004329005 0.6973684210526315
0 0.5108225108225108 0.7828947368421053 0.45454545454545453 0.7828947368421053 0.45454545454545453 0.8552631578947368 0.5108225108225108 0.8552631578947368 0.5108225108225108 0.7828947368421053
0 0.2857142857142857 0.45394736842105265 0.24242424242424243 0.45394736842105265 0.24242424242424243 0.5263157894736842 0.2857142857142857 0.5263157894736842 0.2857142857142857 0.45394736842105265
0 0.341991341991342 0.019736842105263157 0.2987012987012987 0.019736842105263157 0.2987012987012987 0.09210526315789473 0.341991341991342 0.09210526315789473 0.341991341991342 0.019736842105263157
0 0.23809523809523808 0.9078947368421053 0.19047619047619047 0.9078947368421053 0.19047619047619047 0.9868421052631579 0.23809523809523808 0.9868421052631579 0.23809523809523808 0.9078947368421053
0 0.6623376623376623 0.13815789473684212 0.6103896103896104 0.13815789473684212 0.6103896103896104 0.20394736842105263 0.6623376623376623 0.20394736842105263 0.6623376623376623 0.13815789473684212
0 0.9177489177489178 0.7171052631578947 0.8614718614718615 0.7171052631578947 0.8614718614718615 0.7894736842105263 0.9177489177489178 0.7894736842105263 0.9177489177489178 0.7171052631578947
0 0.8701298701298701 0.7960526315789473 0.8095238095238095 0.7960526315789473 0.8095238095238095 0.8618421052631579 0.8701298701298701 0.8618421052631579 0.8701298701298701 0.7960526315789473
0 0.5670995670995671 0.9210526315789473 0.5021645021645021 0.9210526315789473 0.5021645021645021 0.9868421052631579 0.5670995670995671 0.9868421052631579 0.5670995670995671 0.9210526315789473
0 0.29004329004329005 0.5263157894736842 0.23809523809523808 0.5263157894736842 0.23809523809523808 0.5921052631578947 0.29004329004329005 0.5921052631578947 0.29004329004329005 0.5263157894736842
0 0.2943722943722944 0.019736842105263157 0.24242424242424243 0.019736842105263157 0.24242424242424243 0.08552631578947369 0.2943722943722944 0.08552631578947369 0.2943722943722944 0.019736842105263157
0 0.5541125541125541 0.3223684210526316 0.49783549783549785 0.3223684210526316 0.49783549783549785 0.3815789473684211 0.5541125541125541 0.3815789473684211 0.5541125541125541 0.3223684210526316
0 0.5497835497835498 0.21052631578947367 0.49783549783549785 0.21052631578947367 0.49783549783549785 0.27631578947368424 0.5497835497835498 0.27631578947368424 0.5497835497835498 0.21052631578947367
0 0.29004329004329005 0.9210526315789473 0.23809523809523808 0.9210526315789473 0.23809523809523808 0.9868421052631579 0.29004329004329005 0.9868421052631579 0.29004329004329005 0.9210526315789473
0 0.9177489177489178 0 0.8614718614718615 0 0.8614718614718615 0.05263157894736842 0.9177489177489178 0.05263157894736842 0.9177489177489178 0
0 0.18614718614718614 0.9144736842105263 0.1341991341991342 0.9144736842105263 0.1341991341991342 0.9868421052631579 0.18614718614718614 0.9868421052631579 0.18614718614718614 0.9144736842105263
0 0.6536796536796536 0.046052631578947366 0.6103896103896104 0.046052631578947366 0.6103896103896104 0.1118421052631579 0.6536796536796536 0.1118421052631579 0.6536796536796536 0.046052631578947366
0 0.39826839826839827 0.7763157894736842 0.341991341991342 0.7763157894736842 0.341991341991342 0.8421052631578947 0.39826839826839827 0.8421052631578947 0.39826839826839827 0.7763157894736842
0 0.24675324675324675 0.1118421052631579 0.19480519480519481 0.1118421052631579 0.19480519480519481 0.17763157894736842 0.24675324675324675 0.17763157894736842 0.24675324675324675 0.1118421052631579
0 0.341991341991342 0.5328947368421053 0.2943722943722944 0.5328947368421053 0.2943722943722944 0.6052631578947368 0.341991341991342 0.6052631578947368 0.341991341991342 0.5328947368421053
0 0.7619047619047619 0.7894736842105263 0.7186147186147186 0.7894736842105263 0.7186147186147186 0.8552631578947368 0.7619047619047619 0.8552631578947368 0.7619047619047619 0.7894736842105263
0 0.29004329004329005 0.7763157894736842 0.23809523809523808 0.7763157894736842 0.23809523809523808 0.8355263157894737 0.29004329004329005 0.8355263157894737 0.29004329004329005 0.7763157894736842
0 0.23809523809523808 0.5263157894736842 0.19047619047619047 0.5263157894736842 0.19047619047619047 0.5921052631578947 0.23809523809523808 0.5921052631578947 0.23809523809523808 0.5263157894736842
0 0.19480519480519481 0.10526315789473684 0.13852813852813853 0.10526315789473684 0.13852813852813853 0.17105263157894737 0.19480519480519481 0.17105263157894737 0.19480519480519481 0.10526315789473684
0 0.6666666666666666 0.39473684210526316 0.6017316017316018 0.39473684210526316 0.6017316017316018 0.4605263157894737 0.6666666666666666 0.4605263157894737 0.6666666666666666 0.39473684210526316
0 0.23809523809523808 0.45394736842105265 0.18614718614718614 0.45394736842105265 0.18614718614718614 0.5263157894736842 0.23809523809523808 0.5263157894736842 0.23809523809523808 0.45394736842105265
0 0.922077922077922 0.8026315789473685 0.8701298701298701 0.8026315789473685 0.8701298701298701 0.875 0.922077922077922 0.875 0.922077922077922 0.8026315789473685
0 0.39826839826839827 0.46710526315789475 0.35064935064935066 0.46710526315789475 0.35064935064935066 0.5328947368421053 0.39826839826839827 0.5328947368421053 0.39826839826839827 0.46710526315789475
0 0.6103896103896104 0.13815789473684212 0.5541125541125541 0.13815789473684212 0.5541125541125541 0.20394736842105263 0.6103896103896104 0.20394736842105263 0.6103896103896104 0.13815789473684212
0 0.45454545454545453 0.7894736842105263 0.39826839826839827 0.7894736842105263 0.39826839826839827 0.8552631578947368 0.45454545454545453 0.8552631578947368 0.45454545454545453 0.7894736842105263
0 0.6103896103896104 0.3157894736842105 0.5584415584415584 0.3157894736842105 0.5584415584415584 0.3815789473684211 0.6103896103896104 0.3815789473684211 0.6103896103896104 0.3157894736842105
0 0.23376623376623376 0.6973684210526315 0.18614718614718614 0.6973684210526315 0.18614718614718614 0.7631578947368421 0.23376623376623376 0.7631578947368421 0.23376623376623376 0.6973684210526315
0 0.39826839826839827 0.28289473684210525 0.341991341991342 0.28289473684210525 0.341991341991342 0.35526315789473684 0.39826839826839827 0.35526315789473684 0.39826839826839827 0.28289473684210525
0 0.49783549783549785 0 0.45454545454545453 0 0.45454545454545453 0.02631578947368421 0.49783549783549785 0.02631578947368421 0.49783549783549785 0
0 0.341991341991342 0.7763157894736842 0.2987012987012987 0.7763157894736842 0.2987012987012987 0.8421052631578947 0.341991341991342 0.8421052631578947 0.341991341991342 0.7763157894736842
0 0.35064935064935066 0.20394736842105263 0.2987012987012987 0.20394736842105263 0.2987012987012987 0.26973684210526316 0.35064935064935066 0.26973684210526316 0.35064935064935066 0.20394736842105263
0 0.8701298701298701 0.881578947368421 0.8138528138528138 0.881578947368421 0.8138528138528138 0.9473684210526315 0.8701298701298701 0.9473684210526315 0.8701298701298701 0.881578947368421
0 0.39826839826839827 0.20394736842105263 0.35064935064935066 0.20394736842105263 0.35064935064935066 0.26973684210526316 0.39826839826839827 0.26973684210526316 0.39826839826839827 0.20394736842105263
0 0.341991341991342 0.28289473684210525 0.2987012987012987 0.28289473684210525 0.2987012987012987 0.35526315789473684 0.341991341991342 0.35526315789473684 0.341991341991342 0.28289473684210525
0 0.3939393939393939 0.8486842105263158 0.341991341991342 0.8486842105263158 0.341991341991342 0.9210526315789473 0.3939393939393939 0.9210526315789473 0.3939393939393939 0.8486842105263158
0 0.23809523809523808 0.02631578947368421 0.19480519480519481 0.02631578947368421 0.19480519480519481 0.09210526315789473 0.23809523809523808 0.09210526315789473 0.23809523809523808 0.02631578947368421
0 0.23809523809523808 0.6118421052631579 0.18614718614718614 0.6118421052631579 0.18614718614718614 0.6776315789473685 0.23809523809523808 0.6776315789473685 0.23809523809523808 0.6118421052631579
0 0.8095238095238095 0.7894736842105263 0.7662337662337663 0.7894736842105263 0.7662337662337663 0.8552631578947368 0.8095238095238095 0.8552631578947368 0.8095238095238095 0.7894736842105263
0 0.1341991341991342 0.9144736842105263 0.0735930735930736 0.9144736842105263 0.0735930735930736 0.9868421052631579 0.1341991341991342 0.9868421052631579 0.1341991341991342 0.9144736842105263
0 0.6147186147186147 0.7894736842105263 0.5584415584415584 0.7894736842105263 0.5584415584415584 0.8486842105263158 0.6147186147186147 0.8486842105263158 0.6147186147186147 0.7894736842105263
0 0.8095238095238095 0.875 0.7662337662337663 0.875 0.7662337662337663 0.9407894736842105 0.8095238095238095 0.9407894736842105 0.8095238095238095 0.875
0 0.7619047619047619 0.8618421052631579 0.7186147186147186 0.8618421052631579 0.7186147186147186 0.9407894736842105 0.7619047619047619 0.9407894736842105 0.7619047619047619 0.8618421052631579
0 0.39826839826839827 0.1118421052631579 0.35064935064935066 0.1118421052631579 0.35064935064935066 0.17763157894736842 0.39826839826839827 0.17763157894736842 0.39826839826839827 0.1118421052631579
0 0.49783549783549785 0.47368421052631576 0.45454545454545453 0.47368421052631576 0.45454545454545453 0.5394736842105263 0.49783549783549785 0.5394736842105263 0.49783549783549785 0.47368421052631576
0 0.9653679653679653 0.5526315789473685 0.922077922077922 0.5526315789473685 0.922077922077922 0.6118421052631579 0.9653679653679653 0.6118421052631579 0.9653679653679653 0.5526315789473685
0 0.33766233766233766 0.9210526315789473 0.29004329004329005 0.9210526315789473 0.29004329004329005 0.9868421052631579 0.33766233766233766 0.9868421052631579 0.33766233766233766 0.9210526315789473
0 0.49783549783549785 0.039473684210526314 0.45021645021645024 0.039473684210526314 0.45021645021645024 0.09868421052631579 0.49783549783549785 0.09868421052631579 0.49783549783549785 0.039473684210526314
0 0.5497835497835498 0.47368421052631576 0.49783549783549785 0.47368421052631576 0.49783549783549785 0.5460526315789473 0.5497835497835498 0.5460526315789473 0.5497835497835498 0.47368421052631576
0 0.4458874458874459 0.47368421052631576 0.4025974025974026 0.47368421052631576 0.4025974025974026 0.5394736842105263 0.4458874458874459 0.5394736842105263 0.4458874458874459 0.47368421052631576
0 0.4458874458874459 0.039473684210526314 0.4025974025974026 0.039473684210526314 0.4025974025974026 0.09868421052631579 0.4458874458874459 0.09868421052631579 0.4458874458874459 0.039473684210526314
0 0.03463203463203463 0.9013157894736842 0 0.9013157894736842 0 0.9671052631578947 0.03463203463203463 0.9671052631578947 0.03463203463203463 0.9013157894736842
0 0.6623376623376623 0.21052631578947367 0.6147186147186147 0.21052631578947367 0.6147186147186147 0.27631578947368424 0.6623376623376623 0.27631578947368424 0.6623376623376623 0.21052631578947367
0 0.70995670995671 0.02631578947368421 0.6536796536796536 0.02631578947368421 0.6536796536796536 0.09210526315789473 0.70995670995671 0.09210526315789473 0.70995670995671 0.02631578947368421
0 0.7575757575757576 0.21710526315789475 0.7056277056277056 0.21710526315789475 0.7056277056277056 0.27631578947368424 0.7575757575757576 0.27631578947368424 0.7575757575757576 0.21710526315789475
0 0.39826839826839827 0.03289473684210526 0.341991341991342 0.03289473684210526 0.341991341991342 0.09868421052631579 0.39826839826839827 0.09868421052631579 0.39826839826839827 0.03289473684210526
0 0.49783549783549785 0.7171052631578947 0.45454545454545453 0.7171052631578947 0.45454545454545453 0.7763157894736842 0.49783549783549785 0.7763157894736842 0.49783549783549785 0.7171052631578947
0 0.9264069264069265 0.881578947368421 0.8701298701298701 0.881578947368421 0.8701298701298701 0.9473684210526315 0.9264069264069265 0.9473684210526315 0.9264069264069265 0.881578947368421
0 0.49783549783549785 0.9276315789473685 0.45021645021645024 0.9276315789473685 0.45021645021645024 0.9868421052631579 0.49783549783549785 0.9868421052631579 0.49783549783549785 0.9276315789473685
0 0.12121212121212122 0.4276315789473684 0.07792207792207792 0.4276315789473684 0.07792207792207792 0.4868421052631579 0.12121212121212122 0.4868421052631579 0.12121212121212122 0.4276315789473684
0 0.18181818181818182 0.35526315789473684 0.12121212121212122 0.35526315789473684 0.12121212121212122 0.4276315789473684 0.18181818181818182 0.4276315789473684 0.18181818181818182 0.35526315789473684
0 0.6666666666666666 0.9276315789473685 0.6147186147186147 0.9276315789473685 0.6147186147186147 0.9868421052631579 0.6666666666666666 0.9868421052631579 0.6666666666666666 0.9276315789473685
0 0.6103896103896104 0.21052631578947367 0.5541125541125541 0.21052631578947367 0.5541125541125541 0.27631578947368424 0.6103896103896104 0.27631578947368424 0.6103896103896104 0.21052631578947367
0 0.6666666666666666 0.46710526315789475 0.6190476190476191 0.46710526315789475 0.6190476190476191 0.5394736842105263 0.6666666666666666 0.5394736842105263 0.6666666666666666 0.46710526315789475
0 0.5497835497835498 0.13157894736842105 0.49783549783549785 0.13157894736842105 0.49783549783549785 0.19736842105263158 0.5497835497835498 0.19736842105263158 0.5497835497835498 0.13157894736842105
0 0.341991341991342 0.7039473684210527 0.2943722943722944 0.7039473684210527 0.2943722943722944 0.7697368421052632 0.341991341991342 0.7697368421052632 0.341991341991342 0.7039473684210527
0 0.45454545454545453 0.7171052631578947 0.4025974025974026 0.7171052631578947 0.4025974025974026 0.7763157894736842 0.45454545454545453 0.7763157894736842 0.45454545454545453 0.7171052631578947
0 0.7142857142857143 0.39473684210526316 0.6666666666666666 0.39473684210526316 0.6666666666666666 0.4605263157894737 0.7142857142857143 0.4605263157894737 0.7142857142857143 0.39473684210526316
0 0.7619047619047619 0.9473684210526315 0.7186147186147186 0.9473684210526315 0.7186147186147186 0.9868421052631579 0.7619047619047619 0.9868421052631579 0.7619047619047619 0.9473684210526315
0 0.8528138528138528 0 0.8095238095238095 0 0.8095238095238095 0.05263157894736842 0.8528138528138528 0.05263157894736842 0.8528138528138528 0
0 0.6147186147186147 0.9276315789473685 0.5714285714285714 0.9276315789473685 0.5714285714285714 0.9868421052631579 0.6147186147186147 0.9868421052631579 0.6147186147186147 0.9276315789473685
0 0.8138528138528138 0.9473684210526315 0.7619047619047619 0.9473684210526315 0.7619047619047619 0.9868421052631579 0.8138528138528138 0.9868421052631579 0.8138528138528138 0.9473684210526315
0 0.7142857142857143 0.9473684210526315 0.670995670995671 0.9473684210526315 0.670995670995671 0.9868421052631579 0.7142857142857143 0.9868421052631579 0.7142857142857143 0.9473684210526315
0 0.7575757575757576 0 0.7142857142857143 0 0.7142857142857143 0.03289473684210526 0.7575757575757576 0.03289473684210526 0.7575757575757576 0
0 0.6536796536796536 0 0.6147186147186147 0 0.6147186147186147 0.039473684210526314 0.6536796536796536 0.039473684210526314 0.6536796536796536 0
0 0.7575757575757576 0.13815789473684212 0.70995670995671 0.13815789473684212 0.70995670995671 0.20394736842105263 0.7575757575757576 0.20394736842105263 0.7575757575757576 0.13815789473684212
0 0.6190476190476191 0.7171052631578947 0.5670995670995671 0.7171052631578947 0.5670995670995671 0.7763157894736842 0.6190476190476191 0.7763157894736842 0.6190476190476191 0.7171052631578947
0 0.5497835497835498 0.7171052631578947 0.49783549783549785 0.7171052631578947 0.49783549783549785 0.7763157894736842 0.5497835497835498 0.7763157894736842 0.5497835497835498 0.7171052631578947
0 0.0735930735930736 0.9013157894736842 0.03463203463203463 0.9013157894736842 0.03463203463203463 0.9671052631578947 0.0735930735930736 0.9671052631578947 0.0735930735930736 0.9013157894736842
0 0.670995670995671 0.5526315789473685 0.6147186147186147 0.5526315789473685 0.6147186147186147 0.625 0.670995670995671 0.625 0.670995670995671 0.5526315789473685
0 0.670995670995671 0.6381578947368421 0.6103896103896104 0.6381578947368421 0.6103896103896104 0.7105263157894737 0.670995670995671 0.7105263157894737 0.670995670995671 0.6381578947368421
0 0.45021645021645024 0.9276315789473685 0.39826839826839827 0.9276315789473685 0.39826839826839827 0.9868421052631579 0.45021645021645024 0.9868421052631579 0.45021645021645024 0.9276315789473685
0 0.33766233766233766 0.8486842105263158 0.29004329004329005 0.8486842105263158 0.29004329004329005 0.9144736842105263 0.33766233766233766 0.9144736842105263 0.33766233766233766 0.8486842105263158
0 0.922077922077922 0.625 0.8571428571428571 0.625 0.8571428571428571 0.6973684210526315 0.922077922077922 0.6973684210526315 0.922077922077922 0.625
0 0.49783549783549785 0.8618421052631579 0.45021645021645024 0.8618421052631579 0.45021645021645024 0.9210526315789473 0.49783549783549785 0.9210526315789473 0.49783549783549785 0.8618421052631579
0 0.5454545454545454 0.039473684210526314 0.49783549783549785 0.039473684210526314 0.49783549783549785 0.1118421052631579 0.5454545454545454 0.1118421052631579 0.5454545454545454 0.039473684210526314
0 0.49783549783549785 0.20394736842105263 0.45454545454545453 0.20394736842105263 0.45454545454545453 0.2631578947368421 0.49783549783549785 0.2631578947368421 0.49783549783549785 0.20394736842105263
0 0.5714285714285714 0.3881578947368421 0.49783549783549785 0.3881578947368421 0.49783549783549785 0.46710526315789475 0.5714285714285714 0.46710526315789475 0.5714285714285714 0.3881578947368421
0 0.35064935064935066 0.1118421052631579 0.2943722943722944 0.1118421052631579 0.2943722943722944 0.17763157894736842 0.35064935064935066 0.17763157894736842 0.35064935064935066 0.1118421052631579
0 0.341991341991342 0.375 0.2857142857142857 0.375 0.2857142857142857 0.4473684210526316 0.341991341991342 0.4473684210526316 0.341991341991342 0.375
0 0.2943722943722944 0.28289473684210525 0.24242424242424243 0.28289473684210525 0.24242424242424243 0.34868421052631576 0.2943722943722944 0.34868421052631576 0.2943722943722944 0.28289473684210525
0 0.9177489177489178 0.46710526315789475 0.8441558441558441 0.46710526315789475 0.8441558441558441 0.5394736842105263 0.9177489177489178 0.5394736842105263 0.9177489177489178 0.46710526315789475
0 0.8571428571428571 0.7171052631578947 0.8138528138528138 0.7171052631578947 0.8138528138528138 0.7828947368421053 0.8571428571428571 0.7828947368421053 0.8571428571428571 0.7171052631578947
0 0.9913419913419913 0.5526315789473685 0.9653679653679653 0.5526315789473685 0.9653679653679653 0.6118421052631579 0.9913419913419913 0.6118421052631579 0.9913419913419913 0.5526315789473685
0 0.19480519480519481 0.03289473684210526 0.1471861471861472 0.03289473684210526 0.1471861471861472 0.09868421052631579 0.19480519480519481 0.09868421052631579 0.19480519480519481 0.03289473684210526
0 0.07792207792207792 0.7368421052631579 0.021645021645021644 0.7368421052631579 0.021645021645021644 0.7960526315789473 0.07792207792207792 0.7960526315789473 0.07792207792207792 0.7368421052631579
0 0.29004329004329005 0.6118421052631579 0.23809523809523808 0.6118421052631579 0.23809523809523808 0.6776315789473685 0.29004329004329005 0.6776315789473685 0.29004329004329005 0.6118421052631579
0 0.3939393939393939 0.9210526315789473 0.341991341991342 0.9210526315789473 0.341991341991342 0.9868421052631579 0.3939393939393939 0.9868421052631579 0.3939393939393939 0.9210526315789473
0 0.961038961038961 0 0.922077922077922 0 0.922077922077922 0.05263157894736842 0.961038961038961 0.05263157894736842 0.961038961038961 0
0 0.9696969696969697 0.8157894736842105 0.9264069264069265 0.8157894736842105 0.9264069264069265 0.881578947368421 0.9696969696969697 0.881578947368421 0.9696969696969697 0.8157894736842105
0 0.6103896103896104 0.46710526315789475 0.5541125541125541 0.46710526315789475 0.5541125541125541 0.5394736842105263 0.6103896103896104 0.5394736842105263 0.6103896103896104 0.46710526315789475
0 0.23809523809523808 0.28289473684210525 0.19047619047619047 0.28289473684210525 0.19047619047619047 0.34868421052631576 0.23809523809523808 0.34868421052631576 0.23809523809523808 0.28289473684210525
0 0.8051948051948052 0 0.7575757575757576 0 0.7575757575757576 0.03289473684210526 0.8051948051948052 0.03289473684210526 0.8051948051948052 0
0 0.39826839826839827 0.7171052631578947 0.341991341991342 0.7171052631578947 0.341991341991342 0.7763157894736842 0.39826839826839827 0.7763157894736842 0.39826839826839827 0.7171052631578947
0 0.5454545454545454 0 0.5021645021645021 0 0.5021645021645021 0.02631578947368421 0.5454545454545454 0.02631578947368421 0.5454545454545454 0
0 0.8095238095238095 0.07894736842105263 0.7575757575757576 0.07894736842105263 0.7575757575757576 0.14473684210526316 0.8095238095238095 0.14473684210526316 0.8095238095238095 0.07894736842105263
0 0.8008658008658008 0.14473684210526316 0.7619047619047619 0.14473684210526316 0.7619047619047619 0.21052631578947367 0.8008658008658008 0.21052631578947367 0.8008658008658008 0.14473684210526316
0 0.6103896103896104 0 0.5497835497835498 0 0.5497835497835498 0.039473684210526314 0.6103896103896104 0.039473684210526314 0.6103896103896104 0
0 0.23809523809523808 0.3618421052631579 0.19047619047619047 0.3618421052631579 0.19047619047619047 0.4407894736842105 0.23809523809523808 0.4407894736842105 0.23809523809523808 0.3618421052631579
0 0.1341991341991342 0.8223684210526315 0.0735930735930736 0.8223684210526315 0.0735930735930736 0.8947368421052632 0.1341991341991342 0.8947368421052632 0.1341991341991342 0.8223684210526315
0 0.7142857142857143 0.7171052631578947 0.670995670995671 0.7171052631578947 0.670995670995671 0.7763157894736842 0.7142857142857143 0.7763157894736842 0.7142857142857143 0.7171052631578947
0 0.18614718614718614 0.5328947368421053 0.1341991341991342 0.5328947368421053 0.1341991341991342 0.5921052631578947 0.18614718614718614 0.5921052631578947 0.18614718614718614 0.5328947368421053
0 0.29004329004329005 0.125 0.24675324675324675 0.125 0.24675324675324675 0.17763157894736842 0.29004329004329005 0.17763157894736842 0.29004329004329005 0.125
0 0.03463203463203463 0.9671052631578947 0 0.9671052631578947 0 0.9868421052631579 0.03463203463203463 0.9868421052631579 0.03463203463203463 0.9671052631578947
0 0.7056277056277056 0.21710526315789475 0.6666666666666666 0.21710526315789475 0.6666666666666666 0.27631578947368424 0.7056277056277056 0.27631578947368424 0.7056277056277056 0.21710526315789475
0 0.23809523809523808 0.8289473684210527 0.19047619047619047 0.8289473684210527 0.19047619047619047 0.8947368421052632 0.23809523809523808 0.8947368421052632 0.23809523809523808 0.8289473684210527
0 0.1341991341991342 0.7302631578947368 0.07792207792207792 0.7302631578947368 0.07792207792207792 0.7894736842105263 0.1341991341991342 0.7894736842105263 0.1341991341991342 0.7302631578947368
0 0.7142857142857143 0.13157894736842105 0.6623376623376623 0.13157894736842105 0.6623376623376623 0.20394736842105263 0.7142857142857143 0.20394736842105263 0.7142857142857143 0.13157894736842105
0 0.6666666666666666 0.3157894736842105 0.6147186147186147 0.3157894736842105 0.6147186147186147 0.375 0.6666666666666666 0.375 0.6666666666666666 0.3157894736842105
0 0.6147186147186147 0.8486842105263158 0.5541125541125541 0.8486842105263158 0.5541125541125541 0.9210526315789473 0.6147186147186147 0.9210526315789473 0.6147186147186147 0.8486842105263158
0 0.9653679653679653 0.9539473684210527 0.9307359307359307 0.9539473684210527 0.9307359307359307 0.9868421052631579 0.9653679653679653 0.9868421052631579 0.9653679653679653 0.9539473684210527
0 0.39826839826839827 0.3618421052631579 0.341991341991342 0.3618421052631579 0.341991341991342 0.4473684210526316 0.39826839826839827 0.4473684210526316 0.39826839826839827 0.3618421052631579
0 0.7662337662337663 0.7171052631578947 0.7142857142857143 0.7171052631578947 0.7142857142857143 0.7763157894736842 0.7662337662337663 0.7763157894736842 0.7662337662337663 0.7171052631578947
0 0.39826839826839827 0.5394736842105263 0.341991341991342 0.5394736842105263 0.341991341991342 0.6052631578947368 0.39826839826839827 0.6052631578947368 0.39826839826839827 0.5394736842105263
0 0.49783549783549785 0.1118421052631579 0.4458874458874459 0.1118421052631579 0.4458874458874459 0.19078947368421054 0.49783549783549785 0.19078947368421054 0.49783549783549785 0.1118421052631579
0 0.8571428571428571 0.9539473684210527 0.8181818181818182 0.9539473684210527 0.8181818181818182 0.9868421052631579 0.8571428571428571 0.9868421052631579 0.8571428571428571 0.9539473684210527
0 0.9177489177489178 0.5394736842105263 0.8571428571428571 0.5394736842105263 0.8571428571428571 0.6052631578947368 0.9177489177489178 0.6052631578947368 0.9177489177489178 0.5394736842105263
0 0.9696969696969697 0.8947368421052632 0.9264069264069265 0.8947368421052632 0.9264069264069265 0.9605263157894737 0.9696969696969697 0.9605263157894737 0.9696969696969697 0.8947368421052632
0 0.49783549783549785 0.39473684210526316 0.4458874458874459 0.39473684210526316 0.4458874458874459 0.46710526315789475 0.49783549783549785 0.46710526315789475 0.49783549783549785 0.39473684210526316
0 0.9653679653679653 0.7171052631578947 0.9177489177489178 0.7171052631578947 0.9177489177489178 0.7894736842105263 0.9653679653679653 0.7894736842105263 0.9653679653679653 0.7171052631578947
0 0.45021645021645024 0.28289473684210525 0.39826839826839827 0.28289473684210525 0.39826839826839827 0.35526315789473684 0.45021645021645024 0.35526315789473684 0.45021645021645024 0.28289473684210525
0 0.9177489177489178 0.3815789473684211 0.8701298701298701 0.3815789473684211 0.8701298701298701 0.4473684210526316 0.9177489177489178 0.4473684210526316 0.9177489177489178 0.3815789473684211
0 0.12121212121212122 0.34868421052631576 0.07792207792207792 0.34868421052631576 0.07792207792207792 0.4144736842105263 0.12121212121212122 0.4144736842105263 0.12121212121212122 0.34868421052631576
0 0.7186147186147186 0.8618421052631579 0.6666666666666666 0.8618421052631579 0.6666666666666666 0.9407894736842105 0.7186147186147186 0.9407894736842105 0.7186147186147186 0.8618421052631579
0 0.7186147186147186 0.7828947368421053 0.6666666666666666 0.7828947368421053 0.6666666666666666 0.8552631578947368 0.7186147186147186 0.8552631578947368 0.7186147186147186 0.7828947368421053
0 0.8571428571428571 0.631578947368421 0.8138528138528138 0.631578947368421 0.8138528138528138 0.6907894736842105 0.8571428571428571 0.6907894736842105 0.8571428571428571 0.631578947368421
0 0.1341991341991342 0.6578947368421053 0.07792207792207792 0.6578947368421053 0.07792207792207792 0.7302631578947368 0.1341991341991342 0.7302631578947368 0.1341991341991342 0.6578947368421053
0 0.8571428571428571 0.07236842105263158 0.8095238095238095 0.07236842105263158 0.8095238095238095 0.13815789473684212 0.8571428571428571 0.13815789473684212 0.8571428571428571 0.07236842105263158
0 0.9653679653679653 0.5 0.922077922077922 0.5 0.922077922077922 0.5460526315789473 0.9653679653679653 0.5460526315789473 0.9653679653679653 0.5
0 0.9264069264069265 0.9473684210526315 0.8744588744588745 0.9473684210526315 0.8744588744588745 0.9868421052631579 0.9264069264069265 0.9868421052631579 0.9264069264069265 0.9473684210526315
0 0.5497835497835498 0.8552631578947368 0.5021645021645021 0.8552631578947368 0.5021645021645021 0.9210526315789473 0.5497835497835498 0.9210526315789473 0.5497835497835498 0.8552631578947368
0 0.9913419913419913 0.625 0.9653679653679653 0.625 0.9653679653679653 0.6907894736842105 0.9913419913419913 0.6907894736842105 0.9913419913419913 0.625
0 0.45021645021645024 0.8552631578947368 0.39826839826839827 0.8552631578947368 0.39826839826839827 0.9210526315789473 0.45021645021645024 0.9210526315789473 0.45021645021645024 0.8552631578947368
0 0.8095238095238095 0.7171052631578947 0.7662337662337663 0.7171052631578947 0.7662337662337663 0.7763157894736842 0.8095238095238095 0.7763157894736842 0.8095238095238095 0.7171052631578947
0 0.4458874458874459 0 0.3852813852813853 0 0.3852813852813853 0.02631578947368421 0.4458874458874459 0.02631578947368421 0.4458874458874459 0
0 0.9913419913419913 0 0.961038961038961 0 0.961038961038961 0.05263157894736842 0.9913419913419913 0.05263157894736842 0.9913419913419913 0
0 0.4458874458874459 0.19736842105263158 0.4025974025974026 0.19736842105263158 0.4025974025974026 0.2631578947368421 0.4458874458874459 0.2631578947368421 0.4458874458874459 0.19736842105263158
0 0.7186147186147186 0.6381578947368421 0.6666666666666666 0.6381578947368421 0.6666666666666666 0.7105263157894737 0.7186147186147186 0.7105263157894737 0.7186147186147186 0.6381578947368421
0 0.49783549783549785 0.2894736842105263 0.45021645021645024 0.2894736842105263 0.45021645021645024 0.375 0.49783549783549785 0.375 0.49783549783549785 0.2894736842105263
0 0.18181818181818182 0.4473684210526316 0.12121212121212122 0.4473684210526316 0.12121212121212122 0.5197368421052632 0.18181818181818182 0.5197368421052632 0.18181818181818182 0.4473684210526316
0 0.19047619047619047 0.8421052631578947 0.1341991341991342 0.8421052631578947 0.1341991341991342 0.9013157894736842 0.19047619047619047 0.9013157894736842 0.19047619047619047 0.8421052631578947
0 0.670995670995671 0.7171052631578947 0.6190476190476191 0.7171052631578947 0.6190476190476191 0.7828947368421053 0.670995670995671 0.7828947368421053 0.670995670995671 0.7171052631578947
0 0.4458874458874459 0.39473684210526316 0.4025974025974026 0.39473684210526316 0.4025974025974026 0.46710526315789475 0.4458874458874459 0.46710526315789475 0.4458874458874459 0.39473684210526316
0 0.19047619047619047 0.2894736842105263 0.14285714285714285 0.2894736842105263 0.14285714285714285 0.34868421052631576 0.19047619047619047 0.34868421052631576 0.19047619047619047 0.2894736842105263
0 0.18181818181818182 0.6710526315789473 0.1341991341991342 0.6710526315789473 0.1341991341991342 0.7368421052631579 0.18181818181818182 0.7368421052631579 0.18181818181818182 0.6710526315789473
0 0.9913419913419913 0.9539473684210527 0.9696969696969697 0.9539473684210527 0.9696969696969697 0.9868421052631579 0.9913419913419913 0.9868421052631579 0.9913419913419913 0.9539473684210527
0 0.12554112554112554 0.5921052631578947 0.07792207792207792 0.5921052631578947 0.07792207792207792 0.6513157894736842 0.12554112554112554 0.6513157894736842 0.12554112554112554 0.5921052631578947
0 0.8095238095238095 0.631578947368421 0.7619047619047619 0.631578947368421 0.7619047619047619 0.6973684210526315 0.8095238095238095 0.6973684210526315 0.8095238095238095 0.631578947368421
0 0.4458874458874459 0.1118421052631579 0.4025974025974026 0.1118421052631579 0.4025974025974026 0.19078947368421054 0.4458874458874459 0.19078947368421054 0.4458874458874459 0.1118421052631579
0 0.29004329004329005 0.8421052631578947 0.23809523809523808 0.8421052631578947 0.23809523809523808 0.9013157894736842 0.29004329004329005 0.9013157894736842 0.29004329004329005 0.8421052631578947
0 0.6666666666666666 0.8618421052631579 0.6190476190476191 0.8618421052631579 0.6190476190476191 0.9276315789473685 0.6666666666666666 0.9276315789473685 0.6666666666666666 0.8618421052631579
0 0.9913419913419913 0.3026315789473684 0.9653679653679653 0.3026315789473684 0.9653679653679653 0.3618421052631579 0.9913419913419913 0.3618421052631579 0.9913419913419913 0.3026315789473684
0 0.12554112554112554 0.27631578947368424 0.07792207792207792 0.27631578947368424 0.07792207792207792 0.34210526315789475 0.12554112554112554 0.34210526315789475 0.12554112554112554 0.27631578947368424
0 0.9653679653679653 0.625 0.922077922077922 0.625 0.922077922077922 0.6973684210526315 0.9653679653679653 0.6973684210526315 0.9653679653679653 0.625
0 0.0735930735930736 0.6644736842105263 0.025974025974025976 0.6644736842105263 0.025974025974025976 0.7368421052631579 0.0735930735930736 0.7368421052631579 0.0735930735930736 0.6644736842105263
0 0.18614718614718614 0.17763157894736842 0.13852813852813853 0.17763157894736842 0.13852813852813853 0.25 0.18614718614718614 0.25 0.18614718614718614 0.17763157894736842
0 0.9913419913419913 0.5 0.9696969696969697 0.5 0.9696969696969697 0.5460526315789473 0.9913419913419913 0.5460526315789473 0.9913419913419913 0.5
0 0.1341991341991342 0.17105263157894737 0.08225108225108226 0.17105263157894737 0.08225108225108226 0.25 0.1341991341991342 0.25 0.1341991341991342 0.17105263157894737
0 0.7619047619047619 0.631578947368421 0.7186147186147186 0.631578947368421 0.7186147186147186 0.6973684210526315 0.7619047619047619 0.6973684210526315 0.7619047619047619 0.631578947368421
0 0.18181818181818182 0.5986842105263158 0.1341991341991342 0.5986842105263158 0.1341991341991342 0.6644736842105263 0.18181818181818182 0.6644736842105263 0.18181818181818182 0.5986842105263158