0 0.013888888888888888 0 0.0763888888888889 0 0.0763888888888889 0.12285714285714286 0.013888888888888888 0.12285714285714286
0 0.08472222222222223 0.012857142857142857 0.1763888888888889 0.012857142857142857 0.1763888888888889 0.11857142857142858 0.08472222222222223 0.11857142857142858
0 0.18888888888888888 0.024285714285714285 0.26805555555555555 0.024285714285714285 0.26805555555555555 0.12571428571428572 0.18888888888888888 0.12571428571428572
0 0.2847222222222222 0.04 0.36666666666666664 0.04 0.36666666666666664 0.12428571428571429 0.2847222222222222 0.12428571428571429
0 0.3819444444444444 0.04 0.44305555555555554 0.04 0.44305555555555554 0.12571428571428572 0.3819444444444444 0.12571428571428572
0 0.4722222222222222 0.04428571428571428 0.5625 0.04428571428571428 0.5625 0.13714285714285715 0.4722222222222222 0.13714285714285715
0 0.5722222222222222 0.05 0.7152777777777778 0.05 0.7152777777777778 0.14285714285714285 0.5722222222222222 0.14285714285714285
0 0.7333333333333333 0.045714285714285714 0.8902777777777777 0.045714285714285714 0.8902777777777777 0.15285714285714286 0.7333333333333333 0.15285714285714286
0 0.9097222222222222 0.045714285714285714 0.9930555555555556 0.045714285714285714 0.9930555555555556 0.17142857142857143 0.9097222222222222 0.17142857142857143
0 0.005555555555555556 0.13714285714285715 0.06666666666666667 0.13714285714285715 0.06666666666666667 0.2342857142857143 0.005555555555555556 0.2342857142857143
0 0.07916666666666666 0.13285714285714287 0.2388888888888889 0.13285714285714287 0.2388888888888889 0.21571428571428572 0.07916666666666666 0.21571428571428572
0 0.25555555555555554 0.14714285714285713 0.4041666666666667 0.14714285714285713 0.4041666666666667 0.21571428571428572 0.25555555555555554 0.21571428571428572
0 0.4166666666666667 0.15714285714285714 0.5513888888888889 0.15714285714285714 0.5513888888888889 0.22142857142857142 0.4166666666666667 0.22142857142857142
0 0.5583333333333333 0.15571428571428572 0.6027777777777777 0.15571428571428572 0.6027777777777777 0.2671428571428571 0.5583333333333333 0.2671428571428571
0 0.6263888888888889 0.1657142857142857 0.7069444444444445 0.1657142857142857 0.7069444444444445 0.26285714285714284 0.6263888888888889 0.26285714285714284
0 0.7222222222222222 0.1742857142857143 0.7625 0.1742857142857143 0.7625 0.27714285714285714 0.7222222222222222 0.27714285714285714
0 0.7791666666666667 0.1742857142857143 0.9 0.1742857142857143 0.9 0.28 0.7791666666666667 0.28
0 0.9111111111111111 0.19428571428571428 1 0.19428571428571428 1 0.2671428571428571 0.9111111111111111 0.2671428571428571
0 0.0125 0.2357142857142857 0.07777777777777778 0.2357142857142857 0.07777777777777778 0.29428571428571426 0.0125 0.29428571428571426
0 0.09722222222222222 0.22285714285714286 0.2 0.22285714285714286 0.2 0.2914285714285714 0.09722222222222222 0.2914285714285714
0 0.225 0.23285714285714285 0.41805555555555557 0.23285714285714285 0.41805555555555557 0.2885714285714286 0.225 0.2885714285714286
0 0.43194444444444446 0.23285714285714285 0.5388888888888889 0.23285714285714285 0.5388888888888889 0.28285714285714286 0.43194444444444446 0.28285714285714286
0 0.009722222222222222 0.29714285714285715 0.0875 0.29714285714285715 0.0875 0.37 0.009722222222222222 0.37
0 0.09861111111111111 0.30428571428571427 0.19166666666666668 0.30428571428571427 0.19166666666666668 0.3628571428571429 0.09861111111111111 0.3628571428571429
0 0.20833333333333334 0.31 0.25277777777777777 0.31 0.25277777777777777 0.37142857142857144 0.20833333333333334 0.37142857142857144
0 0.2875 0.31285714285714283 0.4111111111111111 0.31285714285714283 0.4111111111111111 0.37142857142857144 0.2875 0.37142857142857144
0 0.4583333333333333 0.30857142857142855 0.5930555555555556 0.30857142857142855 0.5930555555555556 0.37 0.4583333333333333 0.37
0 0.6277777777777778 0.30857142857142855 0.725 0.30857142857142855 0.725 0.38 0.6277777777777778 0.38
0 0.7555555555555555 0.32 0.8875 0.32 0.8875 0.38142857142857145 0.7555555555555555 0.38142857142857145
0 0.9194444444444444 0.31857142857142856 1 0.31857142857142856 1 0.37714285714285717 0.9194444444444444 0.37714285714285717
0 0.02361111111111111 0.36857142857142855 0.09722222222222222 0.36857142857142855 0.09722222222222222 0.43857142857142856 0.02361111111111111 0.43857142857142856
0 0.12222222222222222 0.38 0.2013888888888889 0.38 0.2013888888888889 0.43 0.12222222222222222 0.43
0 0.2013888888888889 0.38 0.2708333333333333 0.38 0.2708333333333333 0.45 0.2013888888888889 0.45
0 0.2777777777777778 0.38571428571428573 0.3458333333333333 0.38571428571428573 0.3458333333333333 0.4514285714285714 0.2777777777777778 0.4514285714285714
0 0.3611111111111111 0.3914285714285714 0.42777777777777776 0.3914285714285714 0.42777777777777776 0.44571428571428573 0.3611111111111111 0.44571428571428573
0 0.44583333333333336 0.37285714285714283 0.5263888888888889 0.37285714285714283 0.5263888888888889 0.42142857142857143 0.44583333333333336 0.42142857142857143
0 0.5486111111111112 0.3842857142857143 0.6138888888888889 0.3842857142857143 0.6138888888888889 0.47 0.5486111111111112 0.47
0 0.6375 0.38142857142857145 0.7416666666666667 0.38142857142857145 0.7416666666666667 0.44 0.6375 0.44
0 0.7680555555555556 0.38285714285714284 0.8847222222222222 0.38285714285714284 0.8847222222222222 0.43714285714285717 0.7680555555555556 0.43714285714285717
0 0.8972222222222223 0.3842857142857143 1 0.3842857142857143 1 0.4357142857142857 0.8972222222222223 0.4357142857142857
0 0.009722222222222222 0.44285714285714284 0.08194444444444444 0.44285714285714284 0.08194444444444444 0.5242857142857142 0.009722222222222222 0.5242857142857142
0 0.09722222222222222 0.45285714285714285 0.18472222222222223 0.45285714285714285 0.18472222222222223 0.5257142857142857 0.09722222222222222 0.5257142857142857
0 0.20972222222222223 0.46 0.25972222222222224 0.46 0.25972222222222224 0.5257142857142857 0.20972222222222223 0.5257142857142857
0 0.2875 0.47 0.3888888888888889 0.47 0.3888888888888889 0.5357142857142857 0.2875 0.5357142857142857
0 0.4444444444444444 0.4342857142857143 0.5277777777777778 0.4342857142857143 0.5277777777777778 0.5028571428571429 0.4444444444444444 0.5028571428571429
0 0.6319444444444444 0.44857142857142857 0.7097222222222223 0.44857142857142857 0.7097222222222223 0.5214285714285715 0.6319444444444444 0.5214285714285715
0 0.7180555555555556 0.4657142857142857 0.7597222222222222 0.4657142857142857 0.7597222222222222 0.5585714285714286 0.7180555555555556 0.5585714285714286
0 0.7902777777777777 0.45285714285714285 0.8708333333333333 0.45285714285714285 0.8708333333333333 0.5214285714285715 0.7902777777777777 0.5214285714285715
0 0.8847222222222222 0.4514285714285714 0.9416666666666667 0.4514285714285714 0.9416666666666667 0.5642857142857143 0.8847222222222222 0.5642857142857143
0 0 0.5557142857142857 0.07361111111111111 0.5557142857142857 0.07361111111111111 0.6757142857142857 0 0.6757142857142857
0 0.08472222222222223 0.5557142857142857 0.18472222222222223 0.5557142857142857 0.18472222222222223 0.6457142857142857 0.08472222222222223 0.6457142857142857
0 0.20416666666666666 0.5528571428571428 0.3486111111111111 0.5528571428571428 0.3486111111111111 0.6557142857142857 0.20416666666666666 0.6557142857142857
0 0.42916666666666664 0.5071428571428571 0.55 0.5071428571428571 0.55 0.58 0.42916666666666664 0.58
0 0.37222222222222223 0.5828571428571429 0.5263888888888889 0.5828571428571429 0.5263888888888889 0.6557142857142857 0.37222222222222223 0.6557142857142857
0 0.5236111111111111 0.48428571428571426 0.6069444444444444 0.48428571428571426 0.6069444444444444 0.5671428571428572 0.5236111111111111 0.5671428571428572
0 0.5444444444444444 0.5785714285714286 0.6013888888888889 0.5785714285714286 0.6013888888888889 0.6257142857142857 0.5444444444444444 0.6257142857142857
0 0.5347222222222222 0.6285714285714286 0.5916666666666667 0.6285714285714286 0.5916666666666667 0.6971428571428572 0.5347222222222222 0.6971428571428572
0 0.612986111111111 0.5525642857142857 0.6846527777777778 0.5525642857142857 0.6846527777777778 0.6045214285714287 0.612986111111111 0.6045214285714287
0 0.6143472222222223 0.6087285714285714 0.7597361111111111 0.6087285714285714 0.7597361111111111 0.6908714285714286 0.6143472222222223 0.6908714285714286
0 0.7692916666666666 0.5230714285714286 0.8669027777777777 0.5230714285714286 0.8669027777777777 0.5925857142857143 0.7692916666666666 0.5925857142857143
0 0.7761180555555555 0.6066285714285714 0.8621319444444444 0.6066285714285714 0.8621319444444444 0.6887714285714286 0.7761180555555555 0.6887714285714286
0 0.8757847222222221 0.61855 0.9570208333333332 0.61855 0.9570208333333332 0.6852499999999999 0.8757847222222221 0.6852499999999999
0 0.8914791666666667 0.5708142857142857 0.9999930555555554 0.5708142857142857 0.9999930555555554 0.6150428571428572 0.8914791666666667 0.6150428571428572
0 0 0.6887714285714286 0.09897222222222223 0.6887714285714286 0.09897222222222223 0.7681142857142859 0 0.7681142857142859
0 0.006826388888888892 0.7737214285714286 0.08600694444444444 0.7737214285714286 0.08600694444444444 0.8341071428571428 0.006826388888888892 0.8341071428571428
0 0.004104166666666669 0.8404285714285715 0.08942361111111112 0.8404285714285715 0.08942361111111112 0.9141428571428571 0.004104166666666669 0.9141428571428571
0 0.010236111111111112 0.9253714285714285 0.09215277777777776 0.9253714285714285 0.09215277777777776 1 0.010236111111111112 1
0 0.10854166666666668 0.7077214285714286 0.183625 0.7077214285714286 0.183625 0.8207642857142858 0.10854166666666668 0.8207642857142858
0 0.10853472222222224 0.8235642857142857 0.17952083333333332 0.8235642857142857 0.17952083333333332 0.9071214285714286 0.10853472222222224 0.9071214285714286
0 0.10716666666666666 0.9141428571428571 0.17883333333333332 0.9141428571428571 0.17883333333333332 0.9984 0.10716666666666666 0.9984
0 0.19113194444444445 0.7463357142857143 0.2812291666666667 0.7463357142857143 0.2812291666666667 0.8446357142857143 0.19113194444444445 0.8446357142857143
0 0.2040902777777778 0.8516642857142857 0.26279861111111114 0.8516642857142857 0.26279861111111114 0.9380214285714286 0.2040902777777778 0.9380214285714286
0 0.19386805555555556 0.9436285714285714 0.2696319444444445 0.9436285714285714 0.2696319444444445 1 0.19386805555555556 1
0 0.20614583333333336 0.6599785714285714 0.2805486111111111 0.6599785714285714 0.2805486111111111 0.7463357142857142 0.20614583333333336 0.7463357142857142
0 0.29488194444444443 0.6571785714285715 0.37406249999999996 0.6571785714285715 0.37406249999999996 0.7372214285714287 0.29488194444444443 0.7372214285714287
0 0.08942361111111112 0.6473428571428571 0.19932638888888887 0.6473428571428571 0.19932638888888887 0.7112285714285714 0.08942361111111112 0.7112285714285714
0 0.2839652777777778 0.7484500000000001 0.36792361111111116 0.7484500000000001 0.36792361111111116 0.8214642857142856 0.2839652777777778 0.8214642857142856
0 0.3849861111111111 0.6691071428571429 0.4252638888888889 0.6691071428571429 0.4252638888888889 0.7372071428571428 0.3849861111111111 0.7372071428571428
0 0.3822569444444444 0.7540642857142857 0.4341319444444444 0.7540642857142857 0.4341319444444444 0.8467357142857141 0.3822569444444444 0.8467357142857141
0 0.43754861111111115 0.6754357142857143 0.5474513888888889 0.6754357142857143 0.5474513888888889 0.7238785714285714 0.43754861111111115 0.7238785714285714
0 0.44984027777777785 0.7386142857142857 0.5351597222222222 0.7386142857142857 0.5351597222222222 0.8193571428571428 0.44984027777777785 0.8193571428571428
0 0.5535902777777778 0.7119428571428571 0.6293541666666667 0.7119428571428571 0.6293541666666667 0.7659999999999999 0.5535902777777778 0.7659999999999999
0 0.5413055555555555 0.7758357142857143 0.5959166666666667 0.7758357142857143 0.5959166666666667 0.8376214285714286 0.5413055555555555 0.8376214285714286
0 0.6430138888888889 0.7077214285714286 0.6955694444444445 0.7077214285714286 0.6955694444444445 0.7631928571428571 0.6430138888888889 0.7631928571428571
0 0.6136597222222223 0.7800428571428573 0.7215069444444444 0.7800428571428573 0.7215069444444444 0.8348142857142857 0.6136597222222223 0.8348142857142857
0 0.7160555555555554 0.7021 0.7781666666666667 0.7021 0.7781666666666667 0.7730142857142858 0.7160555555555554 0.7730142857142858
0 0.7324375000000001 0.7772357142857143 0.7652013888888888 0.7772357142857143 0.7652013888888888 0.8425357142857143 0.7324375000000001 0.8425357142857143
0 0.7843125000000001 0.7119357142857143 0.8361875 0.7119357142857143 0.8361875 0.7554642857142858 0.7843125000000001 0.7554642857142858
0 0.7692916666666666 0.7800357142857143 0.8682638888888888 0.7800357142857143 0.8682638888888888 0.8467357142857144 0.7692916666666666 0.8467357142857144
0 0.8566736111111111 0.6943928571428571 0.9215208333333333 0.6943928571428571 0.9215208333333333 0.7856642857142858 0.8566736111111111 0.7856642857142858
0 0.8805555555555555 0.7912714285714285 0.9399444444444445 0.7912714285714285 0.9399444444444445 0.8621857142857144 0.8805555555555555 0.8621857142857144
0 0.9262986111111112 0.6992928571428572 1.0000069444444444 0.6992928571428572 1.0000069444444444 0.78425 0.9262986111111112 0.78425
0 0.9467777777777778 0.799 1 0.799 1 0.8537714285714285 0.9467777777777778 0.8537714285714285
0 0.9549652777777777 0.8670999999999999 1.0000069444444444 0.8670999999999999 1.0000069444444444 0.9359 0.9549652777777777 0.9359
0 0.8819236111111112 0.8734214285714286 0.9529097222222221 0.8734214285714286 0.9529097222222221 0.9352071428571428 0.8819236111111112 0.9352071428571428
0 0.7870416666666668 0.8635928571428572 0.8785138888888888 0.8635928571428572 0.8785138888888888 0.9316928571428572 0.7870416666666668 0.9316928571428572
0 0.7030833333333334 0.8614785714285715 0.7802222222222223 0.8614785714285715 0.7802222222222223 0.9366071428571429 0.7030833333333334 0.9366071428571429
0 0.6061527777777778 0.8418214285714285 0.7037638888888889 0.8418214285714285 0.7037638888888889 0.9232642857142856 0.6061527777777778 0.9232642857142856
0 0.5365208333333333 0.8446285714285714 0.5965902777777778 0.8446285714285714 0.5965902777777778 0.9141428571428573 0.5365208333333333 0.9141428571428573
0 0.44778472222222226 0.8404285714285715 0.5269652777777778 0.8404285714285715 0.5269652777777778 0.9176571428571428 0.44778472222222226 0.9176571428571428
0 0.3808958333333333 0.8530642857142857 0.43618749999999995 0.8530642857142857 0.43618749999999995 0.929592857142857 0.3808958333333333 0.929592857142857
0 0.30376388888888883 0.8523642857142857 0.37543055555555555 0.8523642857142857 0.37543055555555555 0.9338071428571428 0.30376388888888883 0.9338071428571428
0 0.27849999999999997 0.9225714285714285 0.36519444444444443 0.9225714285714285 0.36519444444444443 1 0.27849999999999997 1
0 0.3815763888888889 0.9274857142857142 0.4382291666666666 0.9274857142857142 0.4382291666666666 1 0.3815763888888889 1
0 0.44984027777777785 0.931 0.5256041666666667 0.931 0.5256041666666667 1 0.44984027777777785 1
0 0.5303819444444444 0.9260857142857143 0.6061458333333333 0.9260857142857143 0.6061458333333333 1 0.5303819444444444 1
0 0.6218472222222222 0.9274857142857142 0.7276527777777777 0.9274857142857142 0.7276527777777777 1 0.6218472222222222 1
0 0.7454027777777779 0.94785 0.8655416666666668 0.94785 0.8655416666666668 1.0000071428571429 0.7454027777777779 1.0000071428571429
0 0.8751041666666667 0.9415214285714285 0.9365347222222223 0.9415214285714285 0.9365347222222223 0.9999928571428571 0.8751041666666667 0.9999928571428571
0 0.9460833333333334 0.9485428571428571 1 0.9485428571428571 1 1 0.9460833333333334 1